1 0 3767
2 3767 5429
3 5429 8141
4 8141 8666
5 8666 12827
6 12827 18910
7 18910 20659
8 20659 24263
9 24263 26729
10 26729 32764
11 32764 38556
12 38556 46334
13 46334 51285
14 51285 52204
15 52204 53489
16 53489 55534
17 55534 59611
18 59611 63117
19 63117 63735
20 63735 67806
21 67806 70728
22 70728 73593
23 73593 77110
24 77110 82734
25 82734 87393
26 87393 92499
27 92499 95218
28 95218 104398
29 104398 113816
30 113816 119376
31 119376 121411
32 121411 128778
33 128778 132278
34 132278 136024
35 136024 138644
36 138644 147022
37 147022 148342
38 148342 150238
39 150238 153338
40 153338 157910
41 157910 159947
42 159947 161160
43 161160 162393
44 162393 167694
45 167694 170489
46 170489 174517
47 174517 175667
48 175667 177703
49 177703 179861
50 179861 181212
51 181212 184118
52 184118 185716
53 185716 191026
54 191026 191777
55 191777 192323
56 192323 193198
57 193198 193884
58 193884 194431
59 194431 195016
60 195016 196371
61 196371 199909
62 199909 203662
63 203662 204188
64 204188 206287
65 206287 207639
66 207639 211049
67 211049 217313
68 217313 220595
69 220595 225933
70 225933 228957
71 228957 232782
72 232782 236086
73 236086 239139
74 239139 241254
75 241254 243203
76 243203 246415
77 246415 250206
78 250206 250431
79 250431 252617
80 252617 256440
81 256440 260076
82 260076 271242
83 271242 281331
84 281331 283396
85 283396 287234
86 287234 290696
87 290696 294928
88 294928 296459
89 296459 297931
90 297931 300298
91 300298 302262
92 302262 305378
93 305378 308153
94 308153 310555
95 310555 310771
96 310771 310949
97 310949 311155
98 311155 311333
99 311333 311956
100 311956 312614
101 312614 313245
102 313245 313921
103 313921 314579
104 314579 315213
105 315213 315405
106 315405 316004
107 316004 316631
108 316631 317321
109 317321 317554
110 317554 317733
111 317733 318392
112 318392 318565
113 318565 319235
114 319235 319876
115 319876 320512
116 320512 321151
117 321151 321790
118 321790 321984
119 321984 322641
120 322641 323281
121 323281 323463
122 323463 324094
123 324094 324316
124 324316 325002
125 325002 325225
126 325225 325854
127 325854 326223
128 326223 326417
129 326417 327091
130 327091 327744
131 327744 328319
132 328319 328961
133 328961 329645
134 329645 330281
135 330281 330949
136 330949 331603
137 331603 332246
138 332246 332909
139 332909 333565
140 333565 334231
141 334231 334891
142 334891 335110
143 335110 335747
144 335747 336384
145 336384 337042
146 337042 337678
147 337678 338310
148 338310 338533
149 338533 339090
150 339090 339303
151 339303 339960
152 339960 340602
153 340602 340830
154 340830 341011
155 341011 341686
156 341686 341867
157 341867 342066
158 342066 342285
159 342285 342946
160 342946 343616
161 343616 344253
162 344253 344463
163 344463 344758
164 344758 344951
165 344951 345591
166 345591 345810
167 345810 346477
168 346477 346747
169 346747 346948
170 346948 347192
171 347192 347851
172 347851 348532
173 348532 349168
174 349168 349805
175 349805 350437
176 350437 351073
177 351073 351263
178 351263 351918
179 351918 352139
180 352139 352342
181 352342 352980
182 352980 353193
183 353193 353849
184 353849 354044
185 354044 354675
186 354675 354874
187 354874 355505
188 355505 356151
189 356151 356832
190 356832 357492
191 357492 358161
192 358161 358807
193 358807 359482
194 359482 360145
195 360145 360805
196 360805 361468
197 361468 362123
198 362123 362754
199 362754 362961
200 362961 363595
201 363595 364218
202 364218 364845
203 364845 365475
204 365475 366113
205 366113 366759
206 366759 367397
207 367397 368056
208 368056 368250
209 368250 368848
210 368848 369049
211 369049 369691
212 369691 370316
213 370316 370953
214 370953 371609
215 371609 372244
216 372244 372881
217 372881 373518
218 373518 373741
219 373741 374374
220 374374 375042
221 375042 375221
222 375221 375866
223 375866 376535
224 376535 377204
225 377204 377384
226 377384 378009
227 378009 378227
228 378227 378419
229 378419 378617
230 378617 378809
231 378809 379429
232 379429 380058
233 380058 380696
234 380696 381341
235 381341 381979
236 381979 382619
237 382619 382812
238 382812 383410
239 383410 384040
240 384040 384235
241 384235 384874
242 384874 385500
243 385500 386156
244 386156 386379
245 386379 386570
246 386570 387213
247 387213 387431
248 387431 387623
249 387623 387796
250 387796 387988
251 387988 388606
252 388606 389235
253 389235 389874
254 389874 390513
255 390513 391147
256 391147 391340
257 391340 391940
258 391940 392594
259 392594 392810
260 392810 393451
261 393451 394075
262 394075 394731
263 394731 395016
264 395016 395651
265 395651 395831
266 395831 396475
267 396475 396695
268 396695 397403
269 397403 397576
270 397576 398221
271 398221 398416
272 398416 398629
273 398629 398824
274 398824 399031
275 399031 399226
276 399226 399418
277 399418 400034
278 400034 400631
279 400631 401269
280 401269 401907
281 401907 402539
282 402539 403184
283 403184 403823
284 403823 404456
285 404456 404646
286 404646 405288
287 405288 405915
288 405915 406137
289 406137 406769
290 406769 407401
291 407401 407601
292 407601 407795
293 407795 407969
294 407969 408617
295 408617 409272
296 409272 409473
297 409473 409646
298 409646 409863
299 409863 410485
300 410485 411120
301 411120 411767
302 411767 412406
303 412406 413038
304 413038 413224
305 413224 413430
306 413430 414072
307 414072 414694
308 414694 414926
309 414926 415139
310 415139 415779
311 415779 415959
312 415959 416607
313 416607 416785
314 416785 417412
315 417412 417611
316 417611 417828
317 417828 418460
318 418460 419110
319 419110 419744
320 419744 420436
321 420436 420668
322 420668 420880
323 420880 421507
324 421507 421710
325 421710 421904
326 421904 422094
327 422094 422777
328 422777 422997
329 422997 423672
330 423672 423912
331 423912 424106
332 424106 424320
333 424320 424967
334 424967 425641
335 425641 426291
336 426291 426954
337 426954 427619
338 427619 428272
339 428272 428940
340 428940 429603
341 429603 430269
342 430269 430934
343 430934 431570
344 431570 431789
345 431789 432413
346 432413 433046
347 433046 433694
348 433694 434360
349 434360 434540
350 434540 434737
351 434737 435362
352 435362 435557
353 435557 436205
354 436205 436405
355 436405 437030
356 437030 437692
357 437692 437914
358 437914 438094
359 438094 438335
360 438335 438502
361 438502 438733
362 438733 438900
363 438900 439531
364 439531 440170
365 440170 440821
366 440821 441461
367 441461 441653
368 441653 441851
369 441851 442057
370 442057 442682
371 442682 442941
372 442941 443123
373 443123 443308
374 443308 443936
375 443936 444116
376 444116 444343
377 444343 444577
378 444577 445192
379 445192 445378
380 445378 445545
381 445545 445739
382 445739 445913
383 445913 446117
384 446117 446757
385 446757 447397
386 447397 447614
387 447614 448263
388 448263 448902
389 448902 449568
390 449568 449762
391 449762 450013
392 450013 450704
393 450704 451317
394 451317 451520
395 451520 452159
396 452159 452403
397 452403 453081
398 453081 453303
399 453303 453934
400 453934 454114
401 454114 454303
402 454303 454494
403 454494 455159
404 455159 455821
405 455821 456515
406 456515 457189
407 457189 457840
408 457840 458491
409 458491 459144
410 459144 459808
411 459808 460501
412 460501 461122
413 461122 461341
414 461341 461976
415 461976 462615
416 462615 463248
417 463248 463896
418 463896 464090
419 464090 464714
420 464714 464957
421 464957 465199
422 465199 465834
423 465834 466033
424 466033 466677
425 466677 467331
426 467331 467547
427 467547 467766
428 467766 467997
429 467997 468216
430 468216 468848
431 468848 469482
432 469482 470126
433 470126 470769
434 470769 471422
435 471422 471621
436 471621 471830
437 471830 472469
438 472469 473091
439 473091 473300
440 473300 473492
441 473492 473762
442 473762 474405
443 474405 474619
444 474619 475278
445 475278 475483
446 475483 476082
447 476082 476314
448 476314 476976
449 476976 477164
450 477164 477786
451 477786 478426
452 478426 478665
453 478665 478858
454 478858 479485
455 479485 479682
456 479682 479885
457 479885 480522
458 480522 481219
459 481219 481876
460 481876 482547
461 482547 483206
462 483206 483865
463 483865 484528
464 484528 485176
465 485176 485834
466 485834 486319
467 486319 489495
468 489495 491619
469 491619 501826
470 501826 502966
471 502966 504322
472 504322 509517
473 509517 516185
474 516185 517616
475 517616 519401
476 519401 521660
477 521660 525087
478 525087 527058
479 527058 529173
480 529173 535235
481 535235 537324
482 537324 538794
483 538794 539914
484 539914 543105
485 543105 549433
486 549433 551430
487 551430 553835
488 553835 556457
489 556457 559083
490 559083 562699
491 562699 564125
492 564125 572634
493 572634 576557
494 576557 578050
495 578050 588509
496 588509 592622
497 592622 599838
498 599838 609887
499 609887 613260
500 613260 619769
501 619769 624444
502 624444 625778
503 625778 628865
504 628865 630835
505 630835 632518
506 632518 634247
507 634247 636325
508 636325 638468
509 638468 640375
510 640375 644346
511 644346 646558
512 646558 651970
513 651970 653728
514 653728 655638
515 655638 658196
516 658196 660396
517 660396 662203
518 662203 664600
519 664600 669568
520 669568 671210
521 671210 684899
522 684899 690285
523 690285 691275
524 691275 705794
525 705794 707662
526 707662 708771
527 708771 710302
528 710302 712080
529 712080 718172
530 718172 721174
531 721174 724266
532 724266 726666
533 726666 728634
534 728634 731498
535 731498 736915
536 736915 752321
537 752321 759574
538 759574 762943
539 762943 766191
540 766191 768745
541 768745 771719
542 771719 773075
543 773075 775386
544 775386 780673
545 780673 782298
546 782298 783608
547 783608 785612
548 785612 787121
549 787121 788624
550 788624 790032
551 790032 795361
552 795361 796684
553 796684 811299
554 811299 812414
555 812414 813750
556 813750 819004
557 819004 821525
558 821525 824633
559 824633 831526
560 831526 837751
561 837751 846974
562 846974 858690
563 858690 860782
564 860782 867303
565 867303 873139
566 873139 880866
567 880866 881074
568 881074 881343
569 881343 881539
570 881539 881792
571 881792 887789
572 887789 889031
573 889031 893985
574 893985 903986
575 903986 909509
576 909509 912565
577 912565 914574
578 914574 916910
579 916910 918749
580 918749 920182
581 920182 921695
582 921695 923273
583 923273 924925
584 924925 928399
585 928399 930963
586 930963 946255
587 946255 949575
588 949575 957562
589 957562 961005
590 961005 963574
591 963574 967277
592 967277 970051
593 970051 979431
594 979431 980828
595 980828 981022
596 981022 986012
597 986012 987861
598 987861 990750
599 990750 998932
600 998932 1006465
601 1006465 1009969
602 1009969 1019733
603 1019733 1021391
604 1021391 1022356
605 1022356 1024024
606 1024024 1028170
607 1028170 1031945
608 1031945 1032983
609 1032983 1048089
610 1048089 1054612
611 1054612 1058112
612 1058112 1061623
613 1061623 1062852
614 1062852 1067658
615 1067658 1068433
616 1068433 1068945
617 1068945 1076749
618 1076749 1079621
619 1079621 1083263
620 1083263 1086011
621 1086011 1087237
622 1087237 1089395
623 1089395 1101271
624 1101271 1106641
625 1106641 1112554
626 1112554 1114333
627 1114333 1115396
628 1115396 1138080
629 1138080 1139600
630 1139600 1146234
631 1146234 1152661
632 1152661 1162252
633 1162252 1165403
634 1165403 1170587
635 1170587 1176162
636 1176162 1180871
637 1180871 1186417
638 1186417 1188305
639 1188305 1192197
640 1192197 1198287
641 1198287 1202732
642 1202732 1203714
643 1203714 1204513
644 1204513 1208696
645 1208696 1211376
646 1211376 1214345
647 1214345 1215608
648 1215608 1217564
649 1217564 1219893
650 1219893 1222640
651 1222640 1224955
652 1224955 1226257
653 1226257 1230967
654 1230967 1235558
655 1235558 1239146
656 1239146 1242287
657 1242287 1246402
658 1246402 1250916
659 1250916 1253700
660 1253700 1257532
661 1257532 1259851
662 1259851 1261601
663 1261601 1263909
664 1263909 1284418
665 1284418 1288511
666 1288511 1290439
667 1290439 1299182
668 1299182 1301869
669 1301869 1307195
670 1307195 1312553
671 1312553 1316251
672 1316251 1320430
673 1320430 1326371
674 1326371 1329409
675 1329409 1334880
676 1334880 1336627
677 1336627 1339257
678 1339257 1344298
679 1344298 1349096
680 1349096 1352417
681 1352417 1357846
682 1357846 1363346
683 1363346 1367633
684 1367633 1370180
685 1370180 1374601
686 1374601 1382010
687 1382010 1382204
688 1382204 1386944
689 1386944 1387123
690 1387123 1388034
691 1388034 1388836
692 1388836 1390624
693 1390624 1391570
694 1391570 1393418
695 1393418 1397862
696 1397862 1404759
697 1404759 1414749
698 1414749 1415874
699 1415874 1419263
700 1419263 1420674
701 1420674 1426049
702 1426049 1430724
703 1430724 1436274
704 1436274 1438018
705 1438018 1440606
706 1440606 1444555
707 1444555 1448092
708 1448092 1453357
709 1453357 1453960
710 1453960 1455516
711 1455516 1458844
712 1458844 1460734
713 1460734 1464019
714 1464019 1469140
715 1469140 1471280
716 1471280 1477120
717 1477120 1482046
718 1482046 1483093
719 1483093 1484196
720 1484196 1490903
721 1490903 1493081
722 1493081 1495030
723 1495030 1501254
724 1501254 1504899
725 1504899 1505547
726 1505547 1507401
727 1507401 1510499
728 1510499 1511774
729 1511774 1514092
730 1514092 1515222
731 1515222 1518719
732 1518719 1522848
733 1522848 1527193
734 1527193 1533498
735 1533498 1537270
736 1537270 1537999
737 1537999 1542293
738 1542293 1546391
739 1546391 1546945
740 1546945 1547961
741 1547961 1549562
742 1549562 1553234
743 1553234 1556840
744 1556840 1561661
745 1561661 1564376
746 1564376 1566472
747 1566472 1569620
748 1569620 1570439
749 1570439 1577638
750 1577638 1578602
751 1578602 1581767
752 1581767 1584169
753 1584169 1586860
754 1586860 1590283
755 1590283 1592850
756 1592850 1596938
757 1596938 1598997
758 1598997 1600876
759 1600876 1605329
760 1605329 1606769
761 1606769 1611211
762 1611211 1615110
763 1615110 1620808
764 1620808 1627490
765 1627490 1632038
766 1632038 1633856
767 1633856 1635143
768 1635143 1638009
769 1638009 1644470
770 1644470 1647026
771 1647026 1650491
772 1650491 1652785
773 1652785 1663302
774 1663302 1664083
775 1664083 1673216
776 1673216 1675438
777 1675438 1677976
778 1677976 1680384
779 1680384 1682771
780 1682771 1684135
781 1684135 1685288
782 1685288 1695477
783 1695477 1696771
784 1696771 1700757
785 1700757 1701899
786 1701899 1702373
787 1702373 1713186
788 1713186 1715039
789 1715039 1718420
790 1718420 1721780
791 1721780 1725380
792 1725380 1735090
793 1735090 1737292
794 1737292 1738421
795 1738421 1739219
796 1739219 1740291
797 1740291 1742141
798 1742141 1750680
799 1750680 1754153
800 1754153 1760516
801 1760516 1765348
802 1765348 1770976
803 1770976 1772700
804 1772700 1774409
805 1774409 1776137
806 1776137 1782957
807 1782957 1785759
808 1785759 1787273
809 1787273 1789357
810 1789357 1791955
811 1791955 1794550
812 1794550 1798348
813 1798348 1799148
814 1799148 1800262
815 1800262 1803219
816 1803219 1807648
817 1807648 1817345
818 1817345 1819554
819 1819554 1822738
820 1822738 1824857
821 1824857 1827157
822 1827157 1829070
823 1829070 1830863
824 1830863 1836256
825 1836256 1841739
826 1841739 1844259
827 1844259 1847690
828 1847690 1852485
829 1852485 1856231
830 1856231 1859630
831 1859630 1875137
832 1875137 1879300
833 1879300 1882916
834 1882916 1893092
835 1893092 1894614
836 1894614 1900501
837 1900501 1911480
838 1911480 1916753
839 1916753 1920628
840 1920628 1922846
841 1922846 1924399
842 1924399 1929071
843 1929071 1931829
844 1931829 1933803
845 1933803 1942617
846 1942617 1948911
847 1948911 1954125
848 1954125 1956120
849 1956120 1962617
850 1962617 1965608
851 1965608 1968569
852 1968569 1970288
853 1970288 1972427
854 1972427 1975041
855 1975041 1976762
856 1976762 1980165
857 1980165 1983225
858 1983225 1985147
859 1985147 1990744
860 1990744 1998952
861 1998952 2002182
862 2002182 2002782
863 2002782 2006461
864 2006461 2011607
865 2011607 2018539
866 2018539 2019483
867 2019483 2021869
868 2021869 2026260
869 2026260 2029835
870 2029835 2032763
871 2032763 2038412
872 2038412 2043523
873 2043523 2050900
874 2050900 2052047
875 2052047 2056009
876 2056009 2057379
877 2057379 2064749
878 2064749 2068065
879 2068065 2072964
880 2072964 2075332
881 2075332 2081434
882 2081434 2083736
883 2083736 2085467
884 2085467 2100802
885 2100802 2110122
886 2110122 2115538
887 2115538 2116932
888 2116932 2122651
889 2122651 2124067
890 2124067 2128723
891 2128723 2133355
892 2133355 2143146
893 2143146 2144900
894 2144900 2148400
895 2148400 2164129
896 2164129 2173749
897 2173749 2177681
898 2177681 2185600
899 2185600 2199402
900 2199402 2203222
901 2203222 2217336
902 2217336 2222758
903 2222758 2224072
904 2224072 2229608
905 2229608 2230867
906 2230867 2232842
907 2232842 2235525
908 2235525 2237964
909 2237964 2239199
910 2239199 2246038
911 2246038 2249226
912 2249226 2251841
913 2251841 2257104
914 2257104 2259040
915 2259040 2261631
916 2261631 2266427
917 2266427 2271176
918 2271176 2275684
919 2275684 2278793
920 2278793 2286509
921 2286509 2290059
922 2290059 2293424
923 2293424 2295811
924 2295811 2299327
925 2299327 2301523
926 2301523 2303584
927 2303584 2312794
928 2312794 2318225
929 2318225 2325772
930 2325772 2331235
931 2331235 2336116
932 2336116 2344405
933 2344405 2356379
934 2356379 2362733
935 2362733 2364188
936 2364188 2366068
937 2366068 2367066
938 2367066 2372388
939 2372388 2375363
940 2375363 2376056
941 2376056 2380269
942 2380269 2381107
943 2381107 2384278
944 2384278 2385034
945 2385034 2385977
946 2385977 2390228
947 2390228 2393921
948 2393921 2395219
949 2395219 2397049
950 2397049 2398220
951 2398220 2399879
952 2399879 2400780
953 2400780 2403301
954 2403301 2407708
955 2407708 2412413
956 2412413 2414678
957 2414678 2415657
958 2415657 2417652
959 2417652 2418568
960 2418568 2419784
961 2419784 2421290
962 2421290 2421867
963 2421867 2425855
964 2425855 2427326
965 2427326 2432160
966 2432160 2434665
967 2434665 2437176
968 2437176 2439438
969 2439438 2442945
970 2442945 2444640
971 2444640 2447269
972 2447269 2449317
973 2449317 2451235
974 2451235 2455548
975 2455548 2470167
976 2470167 2472312
977 2472312 2478920
978 2478920 2492671
979 2492671 2501753
980 2501753 2505479
981 2505479 2510106
982 2510106 2513766
983 2513766 2519458
984 2519458 2521169
985 2521169 2525176
986 2525176 2527088
987 2527088 2536872
988 2536872 2543379
989 2543379 2545852
990 2545852 2550401
991 2550401 2557972
992 2557972 2560078
993 2560078 2563803
994 2563803 2568136
995 2568136 2569242
996 2569242 2571476
997 2571476 2572154
998 2572154 2572823
999 2572823 2573515
1000 2573515 2574187
1001 2574187 2574900
1002 2574900 2575601
1003 2575601 2576242
1004 2576242 2576908
1005 2576908 2577555
1006 2577555 2578284
1007 2578284 2578981
1008 2578981 2579649
1009 2579649 2580326
1010 2580326 2581039
1011 2581039 2581711
1012 2581711 2582402
1013 2582402 2583079
1014 2583079 2583790
1015 2583790 2584498
1016 2584498 2585184
1017 2585184 2585900
1018 2585900 2586574
1019 2586574 2587286
1020 2587286 2587950
1021 2587950 2588648
1022 2588648 2589287
1023 2589287 2589964
1024 2589964 2590638
1025 2590638 2591330
1026 2591330 2592006
1027 2592006 2592654
1028 2592654 2593317
1029 2593317 2594013
1030 2594013 2594690
1031 2594690 2595360
1032 2595360 2596036
1033 2596036 2596730
1034 2596730 2597441
1035 2597441 2598105
1036 2598105 2598798
1037 2598798 2599457
1038 2599457 2600180
1039 2600180 2600834
1040 2600834 2601517
1041 2601517 2602183
1042 2602183 2602858
1043 2602858 2603523
1044 2603523 2604186
1045 2604186 2604846
1046 2604846 2605523
1047 2605523 2606184
1048 2606184 2606899
1049 2606899 2607583
1050 2607583 2608252
1051 2608252 2608917
1052 2608917 2609586
1053 2609586 2610258
1054 2610258 2610930
1055 2610930 2611605
1056 2611605 2612279
1057 2612279 2612950
1058 2612950 2613643
1059 2613643 2614320
1060 2614320 2614992
1061 2614992 2615658
1062 2615658 2616335
1063 2616335 2617010
1064 2617010 2617674
1065 2617674 2618354
1066 2618354 2618989
1067 2618989 2619682
1068 2619682 2620352
1069 2620352 2621059
1070 2621059 2621737
1071 2621737 2622383
1072 2622383 2623040
1073 2623040 2623716
1074 2623716 2624398
1075 2624398 2625071
1076 2625071 2625774
1077 2625774 2626452
1078 2626452 2627170
1079 2627170 2627842
1080 2627842 2628511
1081 2628511 2629167
1082 2629167 2629829
1083 2629829 2630494
1084 2630494 2631174
1085 2631174 2631880
1086 2631880 2632551
1087 2632551 2633244
1088 2633244 2633941
1089 2633941 2634620
1090 2634620 2634830
1091 2634830 2635507
1092 2635507 2636168
1093 2636168 2636835
1094 2636835 2637497
1095 2637497 2638158
1096 2638158 2638861
1097 2638861 2639519
1098 2639519 2640179
1099 2640179 2640838
1100 2640838 2641514
1101 2641514 2642171
1102 2642171 2642835
1103 2642835 2643536
1104 2643536 2644244
1105 2644244 2644968
1106 2644968 2645666
1107 2645666 2646330
1108 2646330 2647004
1109 2647004 2647662
1110 2647662 2648358
1111 2648358 2649009
1112 2649009 2649676
1113 2649676 2650354
1114 2650354 2651017
1115 2651017 2651693
1116 2651693 2652353
1117 2652353 2653006
1118 2653006 2653673
1119 2653673 2654353
1120 2654353 2655008
1121 2655008 2655709
1122 2655709 2656374
1123 2656374 2657055
1124 2657055 2657722
1125 2657722 2658438
1126 2658438 2659151
1127 2659151 2659817
1128 2659817 2660551
1129 2660551 2661243
1130 2661243 2661904
1131 2661904 2662570
1132 2662570 2663257
1133 2663257 2663909
1134 2663909 2664584
1135 2664584 2665239
1136 2665239 2665912
1137 2665912 2666572
1138 2666572 2667259
1139 2667259 2667910
1140 2667910 2668593
1141 2668593 2669259
1142 2669259 2669921
1143 2669921 2670585
1144 2670585 2671275
1145 2671275 2671940
1146 2671940 2672606
1147 2672606 2673283
1148 2673283 2673980
1149 2673980 2674642
1150 2674642 2675294
1151 2675294 2675997
1152 2675997 2676670
1153 2676670 2677347
1154 2677347 2678006
1155 2678006 2678701
1156 2678701 2679414
1157 2679414 2680119
1158 2680119 2680840
1159 2680840 2681564
1160 2681564 2682262
1161 2682262 2682956
1162 2682956 2683667
1163 2683667 2684363
1164 2684363 2685040
1165 2685040 2685688
1166 2685688 2686360
1167 2686360 2687039
1168 2687039 2687682
1169 2687682 2688378
1170 2688378 2689050
1171 2689050 2689756
1172 2689756 2690498
1173 2690498 2691239
1174 2691239 2691919
1175 2691919 2692564
1176 2692564 2693220
1177 2693220 2693878
1178 2693878 2694544
1179 2694544 2695183
1180 2695183 2695868
1181 2695868 2696501
1182 2696501 2697144
1183 2697144 2697811
1184 2697811 2698457
1185 2698457 2699137
1186 2699137 2699356
1187 2699356 2700038
1188 2700038 2700738
1189 2700738 2701421
1190 2701421 2702105
1191 2702105 2702799
1192 2702799 2703460
1193 2703460 2704184
1194 2704184 2704873
1195 2704873 2705521
1196 2705521 2706194
1197 2706194 2706854
1198 2706854 2707511
1199 2707511 2708146
1200 2708146 2708804
1201 2708804 2709456
1202 2709456 2710114
1203 2710114 2710775
1204 2710775 2711429
1205 2711429 2712094
1206 2712094 2712796
1207 2712796 2713465
1208 2713465 2714140
1209 2714140 2714799
1210 2714799 2715523
1211 2715523 2716227
1212 2716227 2716896
1213 2716896 2717567
1214 2717567 2718253
1215 2718253 2718908
1216 2718908 2719573
1217 2719573 2720237
1218 2720237 2720926
1219 2720926 2721630
1220 2721630 2722309
1221 2722309 2722981
1222 2722981 2723650
1223 2723650 2724344
1224 2724344 2725015
1225 2725015 2725692
1226 2725692 2726354
1227 2726354 2727003
1228 2727003 2727661
1229 2727661 2728303
1230 2728303 2728959
1231 2728959 2729632
1232 2729632 2730288
1233 2730288 2730940
1234 2730940 2731628
1235 2731628 2732296
1236 2732296 2732997
1237 2732997 2733664
1238 2733664 2734334
1239 2734334 2735031
1240 2735031 2735714
1241 2735714 2736406
1242 2736406 2737073
1243 2737073 2737803
1244 2737803 2738498
1245 2738498 2739143
1246 2739143 2739840
1247 2739840 2740522
1248 2740522 2741175
1249 2741175 2741834
1250 2741834 2742488
1251 2742488 2743135
1252 2743135 2743795
1253 2743795 2744446
1254 2744446 2745080
1255 2745080 2745727
1256 2745727 2746391
1257 2746391 2747050
1258 2747050 2747734
1259 2747734 2748425
1260 2748425 2749098
1261 2749098 2749763
1262 2749763 2750430
1263 2750430 2751077
1264 2751077 2751774
1265 2751774 2752452
1266 2752452 2753090
1267 2753090 2753755
1268 2753755 2754449
1269 2754449 2755145
1270 2755145 2755822
1271 2755822 2756475
1272 2756475 2757123
1273 2757123 2757769
1274 2757769 2758468
1275 2758468 2759146
1276 2759146 2759793
1277 2759793 2760438
1278 2760438 2761076
1279 2761076 2761753
1280 2761753 2762471
1281 2762471 2763148
1282 2763148 2763792
1283 2763792 2764443
1284 2764443 2765088
1285 2765088 2765747
1286 2765747 2766384
1287 2766384 2767026
1288 2767026 2767667
1289 2767667 2768335
1290 2768335 2768985
1291 2768985 2769618
1292 2769618 2770289
1293 2770289 2770950
1294 2770950 2774650
1295 2774650 2776669
1296 2776669 2779904
1297 2779904 2782784
1298 2782784 2790380
1299 2790380 2790809
1300 2790809 2791340
1301 2791340 2802619
1302 2802619 2807129
1303 2807129 2810824
1304 2810824 2819869
1305 2819869 2823295
1306 2823295 2825315
1307 2825315 2831798
1308 2831798 2835507
1309 2835507 2850495
1310 2850495 2856928
1311 2856928 2858275
1312 2858275 2860269
1313 2860269 2863225
1314 2863225 2865828
1315 2865828 2867983
1316 2867983 2869590
1317 2869590 2870349
1318 2870349 2871758
1319 2871758 2872511
1320 2872511 2872916
1321 2872916 2876922
1322 2876922 2880003
1323 2880003 2884186
1324 2884186 2891812
1325 2891812 2897268
1326 2897268 2898642
1327 2898642 2899833
1328 2899833 2900780
1329 2900780 2902657
1330 2902657 2905095
1331 2905095 2910610
1332 2910610 2918729
1333 2918729 2921218
1334 2921218 2922152
1335 2922152 2923017
1336 2923017 2924678
1337 2924678 2926935
1338 2926935 2934240
1339 2934240 2935899
1340 2935899 2940686
1341 2940686 2943161
1342 2943161 2946817
1343 2946817 2949528
1344 2949528 2956515
1345 2956515 2958837
1346 2958837 2961878
1347 2961878 2966501
1348 2966501 2969042
1349 2969042 2971945
1350 2971945 2973869
1351 2973869 2975162
1352 2975162 2979918
1353 2979918 2981571
1354 2981571 2982593
1355 2982593 2984214
1356 2984214 2986033
1357 2986033 2990661
1358 2990661 2992353
1359 2992353 2995057
1360 2995057 3004425
1361 3004425 3006321
1362 3006321 3008974
1363 3008974 3012544
1364 3012544 3018721
1365 3018721 3022109
1366 3022109 3025084
1367 3025084 3032985
1368 3032985 3034738
1369 3034738 3036958
1370 3036958 3037940
1371 3037940 3040347
1372 3040347 3042045
1373 3042045 3043845
1374 3043845 3051251
1375 3051251 3054413
1376 3054413 3056107
1377 3056107 3057537
1378 3057537 3065244
1379 3065244 3067255
1380 3067255 3069388
1381 3069388 3071191
1382 3071191 3072896
1383 3072896 3074992
1384 3074992 3076168
1385 3076168 3079521
1386 3079521 3083225
1387 3083225 3089595
1388 3089595 3091096
1389 3091096 3093794
1390 3093794 3095901
1391 3095901 3099023
1392 3099023 3100639
1393 3100639 3109167
1394 3109167 3112684
1395 3112684 3116088
1396 3116088 3124017
1397 3124017 3132230
1398 3132230 3140880
1399 3140880 3146579
1400 3146579 3153674
1401 3153674 3159178
1402 3159178 3160986
1403 3160986 3167423
1404 3167423 3176472
1405 3176472 3180349
1406 3180349 3184955
1407 3184955 3187695
1408 3187695 3190105
1409 3190105 3193979
1410 3193979 3198801
1411 3198801 3203076
1412 3203076 3206336
1413 3206336 3213401
1414 3213401 3221989
1415 3221989 3230490
1416 3230490 3233299
1417 3233299 3237501
1418 3237501 3245649
1419 3245649 3253998
1420 3253998 3259418
1421 3259418 3261843
1422 3261843 3269453
1423 3269453 3276107
1424 3276107 3279018
1425 3279018 3280089
1426 3280089 3283154
1427 3283154 3293766
1428 3293766 3301341
1429 3301341 3308969
1430 3308969 3310021
1431 3310021 3313001
1432 3313001 3321040
1433 3321040 3327993
1434 3327993 3332066
1435 3332066 3333109
1436 3333109 3342700
1437 3342700 3352342
1438 3352342 3355059
1439 3355059 3358864
1440 3358864 3364566
1441 3364566 3367622
1442 3367622 3372089
1443 3372089 3379992
1444 3379992 3386502
1445 3386502 3389020
1446 3389020 3392417
1447 3392417 3397506
1448 3397506 3399757
1449 3399757 3400874
1450 3400874 3402248
1451 3402248 3406254
1452 3406254 3409751
1453 3409751 3413062
1454 3413062 3416748
1455 3416748 3420035
1456 3420035 3422510
1457 3422510 3423507
1458 3423507 3424779
1459 3424779 3431802
1460 3431802 3436296
1461 3436296 3437302
1462 3437302 3440642
1463 3440642 3449723
1464 3449723 3451881
1465 3451881 3458187
1466 3458187 3464484
1467 3464484 3465637
1468 3465637 3466478
1469 3466478 3473289
1470 3473289 3476881
1471 3476881 3479572
1472 3479572 3480606
1473 3480606 3487333
1474 3487333 3495566
1475 3495566 3499295
1476 3499295 3504329
1477 3504329 3507843
1478 3507843 3509745
1479 3509745 3510750
1480 3510750 3512174
1481 3512174 3513357
1482 3513357 3515469
1483 3515469 3516781
1484 3516781 3518532
1485 3518532 3520353
1486 3520353 3522548
1487 3522548 3524365
1488 3524365 3532045
1489 3532045 3550413
1490 3550413 3554305
1491 3554305 3558729
1492 3558729 3562088
1493 3562088 3565650
1494 3565650 3576176
1495 3576176 3580254
1496 3580254 3581486
1497 3581486 3582393
1498 3582393 3583912
1499 3583912 3584892
1500 3584892 3586880
1501 3586880 3591357
1502 3591357 3597614
1503 3597614 3605327
1504 3605327 3607335
1505 3607335 3611353
1506 3611353 3614041
1507 3614041 3618827
1508 3618827 3627690
1509 3627690 3632682
1510 3632682 3640672
1511 3640672 3645472
1512 3645472 3655526
1513 3655526 3657753
1514 3657753 3659385
1515 3659385 3661501
1516 3661501 3663392
1517 3663392 3665844
1518 3665844 3668442
1519 3668442 3681759
1520 3681759 3684264
1521 3684264 3686540
1522 3686540 3689642
1523 3689642 3699818
1524 3699818 3709486
1525 3709486 3714222
1526 3714222 3721238
1527 3721238 3724914
1528 3724914 3728357
1529 3728357 3731220
1530 3731220 3737114
1531 3737114 3740214
1532 3740214 3746089
1533 3746089 3750878
1534 3750878 3764629
1535 3764629 3768476
1536 3768476 3771462
1537 3771462 3779587
1538 3779587 3785295
1539 3785295 3797814
1540 3797814 3801646
1541 3801646 3807130
1542 3807130 3815074
1543 3815074 3825233
1544 3825233 3828852
1545 3828852 3832257
1546 3832257 3836057
1547 3836057 3838104
1548 3838104 3845499
1549 3845499 3846536
1550 3846536 3847497
1551 3847497 3850792
1552 3850792 3852634
1553 3852634 3856712
1554 3856712 3860756
1555 3860756 3862170
1556 3862170 3867107
1557 3867107 3869726
1558 3869726 3871496
1559 3871496 3873489
1560 3873489 3874991
1561 3874991 3881365
1562 3881365 3884967
1563 3884967 3891846
1564 3891846 3902047
1565 3902047 3904244
1566 3904244 3907938
1567 3907938 3910293
1568 3910293 3914020
1569 3914020 3916986
1570 3916986 3920779
1571 3920779 3922420
1572 3922420 3932578
1573 3932578 3934741
1574 3934741 3939747
1575 3939747 3942186
1576 3942186 3950163
1577 3950163 3956977
1578 3956977 3961449
1579 3961449 3971086
1580 3971086 3977518
1581 3977518 3983275
1582 3983275 3986172
1583 3986172 3991874
1584 3991874 3996209
1585 3996209 4002394
1586 4002394 4007053
1587 4007053 4009349
1588 4009349 4012800
1589 4012800 4021726
1590 4021726 4027488
1591 4027488 4031557
1592 4031557 4035631
1593 4035631 4036019
1594 4036019 4043443
1595 4043443 4047913
1596 4047913 4050363
1597 4050363 4052127
1598 4052127 4055235
1599 4055235 4058782
1600 4058782 4061595
1601 4061595 4066855
1602 4066855 4068052
1603 4068052 4069235
1604 4069235 4072370
1605 4072370 4080012
1606 4080012 4087687
1607 4087687 4088897
1608 4088897 4094954
1609 4094954 4096667
1610 4096667 4101526
1611 4101526 4103270
1612 4103270 4106648
1613 4106648 4108596
1614 4108596 4109788
1615 4109788 4112450
1616 4112450 4113141
1617 4113141 4115962
1618 4115962 4121193
1619 4121193 4121400
1620 4121400 4123077
1621 4123077 4125932
1622 4125932 4130115
1623 4130115 4131387
1624 4131387 4132519
1625 4132519 4134158
1626 4134158 4135361
1627 4135361 4137044
1628 4137044 4137889
1629 4137889 4138775
1630 4138775 4142623
1631 4142623 4143474
1632 4143474 4146609
1633 4146609 4154475
1634 4154475 4157043
1635 4157043 4158570
1636 4158570 4161752
1637 4161752 4162931
1638 4162931 4165651
1639 4165651 4168023
1640 4168023 4169390
1641 4169390 4170440
1642 4170440 4173533
1643 4173533 4175018
1644 4175018 4183392
1645 4183392 4184876
1646 4184876 4186953
1647 4186953 4187930
1648 4187930 4189617
1649 4189617 4191263
1650 4191263 4192198
1651 4192198 4201865
1652 4201865 4205845
1653 4205845 4210968
1654 4210968 4220776
1655 4220776 4222445
1656 4222445 4223188
1657 4223188 4226125
1658 4226125 4228012
1659 4228012 4230340
1660 4230340 4233539
1661 4233539 4236448
1662 4236448 4239420
1663 4239420 4242444
1664 4242444 4244898
1665 4244898 4247383
1666 4247383 4249937
1667 4249937 4250807
1668 4250807 4256653
1669 4256653 4259247
1670 4259247 4260551
1671 4260551 4262612
1672 4262612 4264208
1673 4264208 4267122
1674 4267122 4272941
1675 4272941 4274152
1676 4274152 4276990
1677 4276990 4278850
1678 4278850 4280103
1679 4280103 4281240
1680 4281240 4283034
1681 4283034 4289042
1682 4289042 4292498
1683 4292498 4294109
1684 4294109 4294738
1685 4294738 4297458
1686 4297458 4298373
1687 4298373 4304150
1688 4304150 4309377
1689 4309377 4311006
1690 4311006 4311786
1691 4311786 4312595
1692 4312595 4318411
1693 4318411 4322166
1694 4322166 4322811
1695 4322811 4328647
1696 4328647 4329348
1697 4329348 4332232
1698 4332232 4333341
1699 4333341 4334633
1700 4334633 4342230
1701 4342230 4343731
1702 4343731 4346044
1703 4346044 4348157
1704 4348157 4349631
1705 4349631 4350631
1706 4350631 4352350
1707 4352350 4354989
1708 4354989 4372046
1709 4372046 4373609
1710 4373609 4378473
1711 4378473 4380598
1712 4380598 4383434
1713 4383434 4389730
1714 4389730 4390280
1715 4390280 4394330
1716 4394330 4395559
1717 4395559 4400234
1718 4400234 4401104
1719 4401104 4403238
1720 4403238 4405150
1721 4405150 4409349
1722 4409349 4414061
1723 4414061 4423315
1724 4423315 4427462
1725 4427462 4430185
1726 4430185 4431046
1727 4431046 4431872
1728 4431872 4432797
1729 4432797 4433866
1730 4433866 4435852
1731 4435852 4439003
1732 4439003 4441471
1733 4441471 4449275
1734 4449275 4451956
1735 4451956 4453988
1736 4453988 4460223
1737 4460223 4464486
1738 4464486 4468869
1739 4468869 4472721
1740 4472721 4479626
1741 4479626 4483248
1742 4483248 4486550
1743 4486550 4491192
1744 4491192 4496476
1745 4496476 4500937
1746 4500937 4505076
1747 4505076 4506233
1748 4506233 4514198
1749 4514198 4518787
1750 4518787 4523194
1751 4523194 4527298
1752 4527298 4532880
1753 4532880 4535244
1754 4535244 4537389
1755 4537389 4540357
1756 4540357 4543319
1757 4543319 4547951
1758 4547951 4553398
1759 4553398 4556584
1760 4556584 4560690
1761 4560690 4566168
1762 4566168 4570868
1763 4570868 4576004
1764 4576004 4578512
1765 4578512 4581258
1766 4581258 4584244
1767 4584244 4592524
1768 4592524 4593770
1769 4593770 4594558
1770 4594558 4594779
1771 4594779 4598141
1772 4598141 4599703
1773 4599703 4602789
1774 4602789 4611562
1775 4611562 4616825
1776 4616825 4621775
1777 4621775 4630377
1778 4630377 4635192
1779 4635192 4639604
1780 4639604 4643436
1781 4643436 4649279
1782 4649279 4656514
1783 4656514 4663001
1784 4663001 4665592
1785 4665592 4668970
1786 4668970 4669955
1787 4669955 4692884
1788 4692884 4711483
1789 4711483 4714084
1790 4714084 4722579
1791 4722579 4724243
1792 4724243 4726655
1793 4726655 4730012
1794 4730012 4741044
1795 4741044 4743937
1796 4743937 4747466
1797 4747466 4750706
1798 4750706 4757989
1799 4757989 4764910
1800 4764910 4771120
1801 4771120 4772212
1802 4772212 4775015
1803 4775015 4778479
1804 4778479 4779543
1805 4779543 4781998
1806 4781998 4783569
1807 4783569 4789931
1808 4789931 4792046
1809 4792046 4805017
1810 4805017 4811505
1811 4811505 4814401
1812 4814401 4819451
1813 4819451 4821432
1814 4821432 4830495
1815 4830495 4837077
1816 4837077 4843541
1817 4843541 4848552
1818 4848552 4855108
1819 4855108 4859841
1820 4859841 4864092
1821 4864092 4867711
1822 4867711 4870777
1823 4870777 4879438
1824 4879438 4886986
1825 4886986 4925570
1826 4925570 4943458
1827 4943458 4946243
1828 4946243 4950042
1829 4950042 4954786
1830 4954786 4960210
1831 4960210 4965052
1832 4965052 4970314
1833 4970314 4977056
1834 4977056 4983557
1835 4983557 4988252
1836 4988252 4992418
1837 4992418 5001387
1838 5001387 5009808
1839 5009808 5015307
1840 5015307 5022767
1841 5022767 5030688
1842 5030688 5036062
1843 5036062 5040543
1844 5040543 5045519
1845 5045519 5049853
1846 5049853 5055215
1847 5055215 5056488
1848 5056488 5060513
1849 5060513 5080401
1850 5080401 5084126
1851 5084126 5090475
1852 5090475 5095169
1853 5095169 5097999
1854 5097999 5101496
1855 5101496 5105426
1856 5105426 5108910
1857 5108910 5113203
1858 5113203 5125135
1859 5125135 5129395
1860 5129395 5137630
1861 5137630 5145509
1862 5145509 5153528
1863 5153528 5160854
1864 5160854 5166122
1865 5166122 5182587
1866 5182587 5187211
1867 5187211 5196676
1868 5196676 5202001
1869 5202001 5206214
1870 5206214 5211016
1871 5211016 5215063
1872 5215063 5220634
1873 5220634 5224396
1874 5224396 5228333
1875 5228333 5231662
1876 5231662 5235096
1877 5235096 5253543
1878 5253543 5258923
1879 5258923 5262338
1880 5262338 5273829
1881 5273829 5281722
1882 5281722 5301277
1883 5301277 5306748
1884 5306748 5307994
1885 5307994 5310137
1886 5310137 5313024
1887 5313024 5316706
1888 5316706 5336076
1889 5336076 5355869
1890 5355869 5360237
1891 5360237 5364551
1892 5364551 5368089
1893 5368089 5374890
1894 5374890 5400693
1895 5400693 5411937
1896 5411937 5419048
1897 5419048 5420615
1898 5420615 5426579
1899 5426579 5432947
1900 5432947 5456554
1901 5456554 5458137
1902 5458137 5460963
1903 5460963 5462930
1904 5462930 5464503
1905 5464503 5467075
1906 5467075 5470839
1907 5470839 5471793
1908 5471793 5473012
1909 5473012 5474950
1910 5474950 5476400
1911 5476400 5480223
1912 5480223 5485953
1913 5485953 5488205
1914 5488205 5491119
1915 5491119 5492635
1916 5492635 5498397
1917 5498397 5501067
1918 5501067 5502366
1919 5502366 5503712
1920 5503712 5511679
1921 5511679 5514521
1922 5514521 5515775
1923 5515775 5517217
1924 5517217 5522353
1925 5522353 5525406
1926 5525406 5526714
1927 5526714 5529514
1928 5529514 5530969
1929 5530969 5531910
1930 5531910 5534697
1931 5534697 5536203
1932 5536203 5537122
1933 5537122 5540134
1934 5540134 5541368
1935 5541368 5550159
1936 5550159 5552779
1937 5552779 5554415
1938 5554415 5556661
1939 5556661 5558663
1940 5558663 5564928
1941 5564928 5567018
1942 5567018 5568596
1943 5568596 5571755
1944 5571755 5574450
1945 5574450 5575498
1946 5575498 5576928
1947 5576928 5582445
1948 5582445 5586075
1949 5586075 5588167
1950 5588167 5593987
1951 5593987 5600779
1952 5600779 5602011
1953 5602011 5603542
1954 5603542 5603910
1955 5603910 5606120
1956 5606120 5609077
1957 5609077 5610308
1958 5610308 5611241
1959 5611241 5613120
1960 5613120 5620017
1961 5620017 5621591
1962 5621591 5623370
1963 5623370 5625086
1964 5625086 5626057
1965 5626057 5635027
1966 5635027 5640648
1967 5640648 5646327
1968 5646327 5651823
1969 5651823 5658576
1970 5658576 5660660
1971 5660660 5662490
1972 5662490 5663738
1973 5663738 5666784
1974 5666784 5668652
1975 5668652 5671355
1976 5671355 5675540
1977 5675540 5676963
1978 5676963 5677568
1979 5677568 5684150
1980 5684150 5686576
1981 5686576 5688415
1982 5688415 5691772
1983 5691772 5693671
1984 5693671 5707440
1985 5707440 5707992
1986 5707992 5709642
1987 5709642 5712683
1988 5712683 5715061
1989 5715061 5717903
1990 5717903 5736287
1991 5736287 5739534
1992 5739534 5742170
1993 5742170 5744909
1994 5744909 5750271
1995 5750271 5754079
1996 5754079 5757162
1997 5757162 5761480
1998 5761480 5765491
1999 5765491 5769664
2000 5769664 5773221
2001 5773221 5776878
2002 5776878 5780697
2003 5780697 5784715
2004 5784715 5788200
2005 5788200 5791977
2006 5791977 5795469
2007 5795469 5798573
2008 5798573 5801719
2009 5801719 5805794
2010 5805794 5809075
2011 5809075 5812496
2012 5812496 5815963
2013 5815963 5819492
2014 5819492 5824179
2015 5824179 5825703
2016 5825703 5829492
2017 5829492 5834571
2018 5834571 5837874
2019 5837874 5841526
2020 5841526 5845270
2021 5845270 5848764
2022 5848764 5851514
2023 5851514 5855174
2024 5855174 5858383
2025 5858383 5861947
2026 5861947 5880900
2027 5880900 5884695
2028 5884695 5888330
2029 5888330 5892673
2030 5892673 5893925
2031 5893925 5894871
2032 5894871 5897845
2033 5897845 5901930
2034 5901930 5905493
2035 5905493 5909035
2036 5909035 5911661
2037 5911661 5912784
2038 5912784 5917020
2039 5917020 5936848
2040 5936848 5940689
2041 5940689 5944032
2042 5944032 5948861
2043 5948861 5952190
2044 5952190 5955479
2045 5955479 5959140
2046 5959140 5967231
2047 5967231 5978786
2048 5978786 5980839
2049 5980839 5984452
2050 5984452 5989627
2051 5989627 5994967
2052 5994967 6001313
2053 6001313 6002352
2054 6002352 6009556
2055 6009556 6012505
2056 6012505 6022046
2057 6022046 6026271
2058 6026271 6029162
2059 6029162 6030762
2060 6030762 6033689
2061 6033689 6037096
2062 6037096 6038874
2063 6038874 6044434
2064 6044434 6053512
2065 6053512 6053705
2066 6053705 6056004
2067 6056004 6064430
2068 6064430 6070896
2069 6070896 6074591
2070 6074591 6077485
2071 6077485 6077961
2072 6077961 6080135
2073 6080135 6083051
2074 6083051 6085753
2075 6085753 6092320
2076 6092320 6100765
2077 6100765 6110464
2078 6110464 6118427
2079 6118427 6123906
2080 6123906 6130155
2081 6130155 6133711
2082 6133711 6137706
2083 6137706 6139269
2084 6139269 6140937
2085 6140937 6144094
2086 6144094 6147613
2087 6147613 6152212
2088 6152212 6155701
2089 6155701 6160512
2090 6160512 6168503
2091 6168503 6170754
2092 6170754 6176297
2093 6176297 6182834
2094 6182834 6187629
2095 6187629 6189802
2096 6189802 6191301
2097 6191301 6194620
2098 6194620 6200861
2099 6200861 6209444
2100 6209444 6211303
2101 6211303 6217089
2102 6217089 6224369
2103 6224369 6225660
2104 6225660 6232960
2105 6232960 6235720
2106 6235720 6240018
2107 6240018 6245828
2108 6245828 6246648
2109 6246648 6250410
2110 6250410 6252391
2111 6252391 6252822
2112 6252822 6253263
2113 6253263 6253720
2114 6253720 6254221
2115 6254221 6254692
2116 6254692 6255171
2117 6255171 6255674
2118 6255674 6256213
2119 6256213 6256700
2120 6256700 6257217
2121 6257217 6257710
2122 6257710 6258195
2123 6258195 6258696
2124 6258696 6259165
2125 6259165 6259702
2126 6259702 6262396
2127 6262396 6264849
2128 6264849 6266420
2129 6266420 6267582
2130 6267582 6275679
2131 6275679 6277016
2132 6277016 6279037
2133 6279037 6285839
2134 6285839 6294042
2135 6294042 6297975
2136 6297975 6299236
2137 6299236 6308109
2138 6308109 6314142
2139 6314142 6316219
2140 6316219 6320691
2141 6320691 6322650
2142 6322650 6325067
2143 6325067 6326352
2144 6326352 6328524
2145 6328524 6331553
2146 6331553 6332508
2147 6332508 6336293
2148 6336293 6338904
2149 6338904 6340433
2150 6340433 6343857
2151 6343857 6345528
2152 6345528 6351917
2153 6351917 6354400
2154 6354400 6356570
2155 6356570 6361659
2156 6361659 6370244
2157 6370244 6375451
2158 6375451 6376556
2159 6376556 6377873
2160 6377873 6379353
2161 6379353 6381836
2162 6381836 6384215
2163 6384215 6386052
2164 6386052 6389572
2165 6389572 6393516
2166 6393516 6397288
2167 6397288 6397742
2168 6397742 6411146
2169 6411146 6413625
2170 6413625 6415726
2171 6415726 6418175
2172 6418175 6420848
2173 6420848 6427248
2174 6427248 6435263
2175 6435263 6440510
2176 6440510 6446475
2177 6446475 6451052
2178 6451052 6453565
2179 6453565 6456066
2180 6456066 6463498
2181 6463498 6464650
2182 6464650 6466445
2183 6466445 6468383
2184 6468383 6469037
2185 6469037 6469532
2186 6469532 6472122
2187 6472122 6474654
2188 6474654 6476589
2189 6476589 6482376
2190 6482376 6484426
2191 6484426 6488631
2192 6488631 6491032
2193 6491032 6492623
2194 6492623 6495649
2195 6495649 6497442
2196 6497442 6505766
2197 6505766 6507479
2198 6507479 6509087
2199 6509087 6512183
2200 6512183 6513380
2201 6513380 6513982
2202 6513982 6515570
2203 6515570 6517229
2204 6517229 6518814
2205 6518814 6527653
2206 6527653 6535455
2207 6535455 6539909
2208 6539909 6542854
2209 6542854 6543482
2210 6543482 6551192
2211 6551192 6555260
2212 6555260 6567835
2213 6567835 6572784
2214 6572784 6575332
2215 6575332 6581666
2216 6581666 6584311
2217 6584311 6584635
2218 6584635 6587009
2219 6587009 6590890
2220 6590890 6593733
2221 6593733 6607319
2222 6607319 6615276
2223 6615276 6617210
2224 6617210 6620015
2225 6620015 6621971
2226 6621971 6623845
2227 6623845 6627341
2228 6627341 6629582
2229 6629582 6632665
2230 6632665 6634681
2231 6634681 6636535
2232 6636535 6638751
2233 6638751 6641713
2234 6641713 6644595
2235 6644595 6646550
2236 6646550 6649179
2237 6649179 6652525
2238 6652525 6654718
2239 6654718 6656654
2240 6656654 6658453
2241 6658453 6660564
2242 6660564 6665091
2243 6665091 6669014
2244 6669014 6672839
2245 6672839 6675871
2246 6675871 6678348
2247 6678348 6680940
2248 6680940 6683297
2249 6683297 6685695
2250 6685695 6686034
2251 6686034 6691924
2252 6691924 6701903
2253 6701903 6704736
2254 6704736 6705721
2255 6705721 6710170
2256 6710170 6710494
2257 6710494 6713718
2258 6713718 6716415
2259 6716415 6718819
2260 6718819 6721442
2261 6721442 6725036
2262 6725036 6729415
2263 6729415 6732051
2264 6732051 6737068
2265 6737068 6739843
2266 6739843 6748096
2267 6748096 6750874
2268 6750874 6757187
2269 6757187 6759659
2270 6759659 6760904
2271 6760904 6778770
2272 6778770 6788669
2273 6788669 6791655
2274 6791655 6794924
2275 6794924 6800837
2276 6800837 6804345
2277 6804345 6806312
2278 6806312 6809417
2279 6809417 6813937
2280 6813937 6818338
2281 6818338 6822083
2282 6822083 6825100
2283 6825100 6849701
2284 6849701 6861059
2285 6861059 6877409
2286 6877409 6908162
2287 6908162 6911973
2288 6911973 6913604
2289 6913604 6913832
2290 6913832 6916660
2291 6916660 6917615
2292 6917615 6918747
2293 6918747 6934332
2294 6934332 6940772
2295 6940772 6954743
2296 6954743 6955487
2297 6955487 6957546
2298 6957546 6960162
2299 6960162 6962954
2300 6962954 6964739
2301 6964739 6984810
2302 6984810 6993856
2303 6993856 6997435
2304 6997435 7000996
2305 7000996 7004398
2306 7004398 7006508
2307 7006508 7009877
2308 7009877 7010314
2309 7010314 7013230
2310 7013230 7017345
2311 7017345 7018281
2312 7018281 7022134
2313 7022134 7022371
2314 7022371 7051014
2315 7051014 7055235
2316 7055235 7062643
2317 7062643 7071981
2318 7071981 7091671
2319 7091671 7092628
2320 7092628 7093251
2321 7093251 7095582
2322 7095582 7097203
2323 7097203 7102175
2324 7102175 7105497
2325 7105497 7109552
2326 7109552 7112059
2327 7112059 7116657
2328 7116657 7117808
2329 7117808 7119818
2330 7119818 7120494
2331 7120494 7120922
2332 7120922 7123229
2333 7123229 7126778
2334 7126778 7127716
2335 7127716 7130308
2336 7130308 7133438
2337 7133438 7133775
2338 7133775 7140996
2339 7140996 7160034
2340 7160034 7161343
2341 7161343 7163529
2342 7163529 7165883
2343 7165883 7168498
2344 7168498 7172152
2345 7172152 7172554
2346 7172554 7173712
2347 7173712 7177563
2348 7177563 7178705
2349 7178705 7182250
2350 7182250 7183834
2351 7183834 7185187
2352 7185187 7187210
2353 7187210 7188530
2354 7188530 7192432
2355 7192432 7192991
2356 7192991 7199468
2357 7199468 7202049
2358 7202049 7205728
2359 7205728 7206555
2360 7206555 7207833
2361 7207833 7210257
2362 7210257 7210953
2363 7210953 7211748
2364 7211748 7216772
2365 7216772 7218265
2366 7218265 7219482
2367 7219482 7221275
2368 7221275 7225845
2369 7225845 7226941
2370 7226941 7231178
2371 7231178 7233018
2372 7233018 7233244
2373 7233244 7238216
2374 7238216 7240862
2375 7240862 7243478
2376 7243478 7243854
2377 7243854 7245396
2378 7245396 7246911
2379 7246911 7249115
2380 7249115 7250623
2381 7250623 7251719
2382 7251719 7254401
2383 7254401 7255431
2384 7255431 7255775
2385 7255775 7257074
2386 7257074 7257982
2387 7257982 7261915
2388 7261915 7263270
2389 7263270 7265908
2390 7265908 7267212
2391 7267212 7268465
2392 7268465 7270978
2393 7270978 7272190
2394 7272190 7272795
2395 7272795 7274145
2396 7274145 7281575
2397 7281575 7283627
2398 7283627 7284984
2399 7284984 7285505
2400 7285505 7286875
2401 7286875 7289187
2402 7289187 7290740
2403 7290740 7302313
2404 7302313 7304381
2405 7304381 7305212
2406 7305212 7306145
2407 7306145 7307219
2408 7307219 7309058
2409 7309058 7309788
2410 7309788 7321374
2411 7321374 7323171
2412 7323171 7326150
2413 7326150 7329910
2414 7329910 7330874
2415 7330874 7333098
2416 7333098 7337875
2417 7337875 7338200
2418 7338200 7345270
2419 7345270 7346327
2420 7346327 7348123
2421 7348123 7350704
2422 7350704 7352203
2423 7352203 7358897
2424 7358897 7361907
2425 7361907 7363241
2426 7363241 7369702
2427 7369702 7372408
2428 7372408 7372866
2429 7372866 7373401
2430 7373401 7375541
2431 7375541 7378351
2432 7378351 7381541
2433 7381541 7382931
2434 7382931 7384479
2435 7384479 7385629
2436 7385629 7387094
2437 7387094 7389458
2438 7389458 7390063
2439 7390063 7392217
2440 7392217 7393233
2441 7393233 7398686
2442 7398686 7400671
2443 7400671 7402186
2444 7402186 7404056
2445 7404056 7405240
2446 7405240 7406431
2447 7406431 7413403
2448 7413403 7417173
2449 7417173 7418209
2450 7418209 7420695
2451 7420695 7422940
2452 7422940 7426176
2453 7426176 7428777
2454 7428777 7429887
2455 7429887 7431647
2456 7431647 7436770
2457 7436770 7438034
2458 7438034 7439698
2459 7439698 7441443
2460 7441443 7443867
2461 7443867 7445559
2462 7445559 7447155
2463 7447155 7449808
2464 7449808 7453044
2465 7453044 7457722
2466 7457722 7459520
2467 7459520 7460489
2468 7460489 7461997
2469 7461997 7464065
2470 7464065 7465879
2471 7465879 7467181
2472 7467181 7469102
2473 7469102 7470739
2474 7470739 7471613
2475 7471613 7474345
2476 7474345 7476234
2477 7476234 7478977
2478 7478977 7480395
2479 7480395 7481615
2480 7481615 7484317
2481 7484317 7485788
2482 7485788 7487270
2483 7487270 7488624
2484 7488624 7490830
2485 7490830 7492560
2486 7492560 7498184
2487 7498184 7499496
2488 7499496 7502481
2489 7502481 7504098
2490 7504098 7506903
2491 7506903 7508212
2492 7508212 7512223
2493 7512223 7515475
2494 7515475 7518476
2495 7518476 7519899
2496 7519899 7521285
2497 7521285 7522928
2498 7522928 7524034
2499 7524034 7527374
2500 7527374 7530591
2501 7530591 7534385
2502 7534385 7536155
2503 7536155 7541043
2504 7541043 7542844
2505 7542844 7543829
2506 7543829 7545115
2507 7545115 7546116
2508 7546116 7547294
2509 7547294 7552396
2510 7552396 7554267
2511 7554267 7555412
2512 7555412 7556720
2513 7556720 7557974
2514 7557974 7559496
2515 7559496 7562201
2516 7562201 7563316
2517 7563316 7565166
2518 7565166 7570181
2519 7570181 7572535
2520 7572535 7579950
2521 7579950 7581258
2522 7581258 7582344
2523 7582344 7591432
2524 7591432 7602709
2525 7602709 7611971
2526 7611971 7627988
2527 7627988 7636752
2528 7636752 7645208
2529 7645208 7652599
2530 7652599 7663901
2531 7663901 7683416
2532 7683416 7696981
2533 7696981 7702474
2534 7702474 7702975
2535 7702975 7706180
2536 7706180 7713531
2537 7713531 7714079
2538 7714079 7715625
2539 7715625 7719093
2540 7719093 7721205
2541 7721205 7730383
2542 7730383 7733081
2543 7733081 7737173
2544 7737173 7744334
2545 7744334 7747750
2546 7747750 7750593
2547 7750593 7751281
2548 7751281 7752342
2549 7752342 7753991
2550 7753991 7760678
2551 7760678 7762035
2552 7762035 7773495
2553 7773495 7779852
2554 7779852 7784300
2555 7784300 7810115
2556 7810115 7813874
2557 7813874 7822289
2558 7822289 7832071
2559 7832071 7838453
2560 7838453 7848061
2561 7848061 7860917
2562 7860917 7865618
2563 7865618 7876587
2564 7876587 7882870
2565 7882870 7887990
2566 7887990 7889756
2567 7889756 7893581
2568 7893581 7898357
2569 7898357 7902076
2570 7902076 7912803
2571 7912803 7919662
2572 7919662 7925782
2573 7925782 7931598
2574 7931598 7935516
2575 7935516 7938859
2576 7938859 7951146
2577 7951146 7964000
2578 7964000 7968240
2579 7968240 7971112
2580 7971112 7976695
2581 7976695 7992624
2582 7992624 7996928
2583 7996928 7997656
2584 7997656 7998869
2585 7998869 8003290
2586 8003290 8007685
2587 8007685 8009785
2588 8009785 8022834
2589 8022834 8031679
2590 8031679 8039437
2591 8039437 8050146
2592 8050146 8050371
2593 8050371 8057387
2594 8057387 8066346
2595 8066346 8068699
2596 8068699 8076874
2597 8076874 8085181
2598 8085181 8089089
2599 8089089 8094857
2600 8094857 8108612
2601 8108612 8113310
2602 8113310 8113850
2603 8113850 8115394
2604 8115394 8118493
2605 8118493 8119268
2606 8119268 8122511
2607 8122511 8123291
2608 8123291 8129663
2609 8129663 8135413
2610 8135413 8146174
2611 8146174 8147771
2612 8147771 8149933
2613 8149933 8154258
2614 8154258 8157319
2615 8157319 8163430
2616 8163430 8169522
2617 8169522 8176007
2618 8176007 8179295
2619 8179295 8186018
2620 8186018 8187456
2621 8187456 8190379
2622 8190379 8192167
2623 8192167 8198197
2624 8198197 8205007
2625 8205007 8211323
2626 8211323 8217761
2627 8217761 8227515
2628 8227515 8228709
2629 8228709 8229436
2630 8229436 8230596
2631 8230596 8234406
2632 8234406 8235088
2633 8235088 8240628
2634 8240628 8242033
2635 8242033 8244827
2636 8244827 8247158
2637 8247158 8249768
2638 8249768 8275867
2639 8275867 8279591
2640 8279591 8283640
2641 8283640 8296084
2642 8296084 8299989
2643 8299989 8312276
2644 8312276 8315965
2645 8315965 8317782
2646 8317782 8321027
2647 8321027 8323897
2648 8323897 8329730
2649 8329730 8339362
2650 8339362 8343419
2651 8343419 8344567
2652 8344567 8346366
2653 8346366 8351880
2654 8351880 8356491
2655 8356491 8361048
2656 8361048 8365456
2657 8365456 8369840
2658 8369840 8373529
2659 8373529 8377734
2660 8377734 8378853
2661 8378853 8379601
2662 8379601 8388459
2663 8388459 8392427
2664 8392427 8399448
2665 8399448 8400974
2666 8400974 8403466
2667 8403466 8404567
2668 8404567 8405606
2669 8405606 8406636
2670 8406636 8411977
2671 8411977 8422990
2672 8422990 8423751
2673 8423751 8424431
2674 8424431 8428463
2675 8428463 8438567
2676 8438567 8439433
2677 8439433 8440435
2678 8440435 8441175
2679 8441175 8442942
2680 8442942 8455255
2681 8455255 8459596
2682 8459596 8463221
2683 8463221 8465288
2684 8465288 8467825
2685 8467825 8471288
2686 8471288 8473777
2687 8473777 8476321
2688 8476321 8496614
2689 8496614 8505038
2690 8505038 8509435
2691 8509435 8513936
2692 8513936 8518106
2693 8518106 8519666
2694 8519666 8524178
2695 8524178 8525568
2696 8525568 8526776
2697 8526776 8528282
2698 8528282 8535736
2699 8535736 8537942
2700 8537942 8555995
2701 8555995 8564901
2702 8564901 8570604
2703 8570604 8574655
2704 8574655 8578243
2705 8578243 8580323
2706 8580323 8596723
2707 8596723 8601210
2708 8601210 8602390
2709 8602390 8604344
2710 8604344 8605724
2711 8605724 8613927
2712 8613927 8619126
2713 8619126 8625997
2714 8625997 8627953
2715 8627953 8636185
2716 8636185 8643774
2717 8643774 8652307
2718 8652307 8657312
2719 8657312 8672431
2720 8672431 8680000
2721 8680000 8685109
2722 8685109 8686506
2723 8686506 8688104
2724 8688104 8690284
2725 8690284 8691129
2726 8691129 8697528
2727 8697528 8699688
2728 8699688 8708013
2729 8708013 8712264
2730 8712264 8714168
2731 8714168 8719433
2732 8719433 8724930
2733 8724930 8734074
2734 8734074 8738794
2735 8738794 8748347
2736 8748347 8752147
2737 8752147 8753248
2738 8753248 8754701
2739 8754701 8755025
2740 8755025 8756781
2741 8756781 8757577
2742 8757577 8759060
2743 8759060 8771641
2744 8771641 8779702
2745 8779702 8783808
2746 8783808 8788836
2747 8788836 8793327
2748 8793327 8802295
2749 8802295 8807687
2750 8807687 8810640
2751 8810640 8813778
2752 8813778 8815487
2753 8815487 8823606
2754 8823606 8837805
2755 8837805 8841115
2756 8841115 8845019
2757 8845019 8849359
2758 8849359 8860979
2759 8860979 8861936
2760 8861936 8869967
2761 8869967 8876260
2762 8876260 8877069
2763 8877069 8882778
2764 8882778 8898505
2765 8898505 8899448
2766 8899448 8905540
2767 8905540 8906244
2768 8906244 8911532
2769 8911532 8919621
2770 8919621 8921089
2771 8921089 8925479
2772 8925479 8926207
2773 8926207 8935147
2774 8935147 8936534
2775 8936534 8939244
2776 8939244 8939986
2777 8939986 8945953
2778 8945953 8949296
2779 8949296 8958256
2780 8958256 8962288
2781 8962288 8964346
2782 8964346 8967785
2783 8967785 8975390
2784 8975390 8978039
2785 8978039 8980785
2786 8980785 9000139
2787 9000139 9003264
2788 9003264 9008649
2789 9008649 9010919
2790 9010919 9015195
2791 9015195 9016174
2792 9016174 9024471
2793 9024471 9029835
2794 9029835 9036530
2795 9036530 9037469
2796 9037469 9041273
2797 9041273 9044241
2798 9044241 9047844
2799 9047844 9050403
2800 9050403 9054122
2801 9054122 9058827
2802 9058827 9068476
2803 9068476 9080024
2804 9080024 9082196
2805 9082196 9087011
2806 9087011 9090048
2807 9090048 9091715
2808 9091715 9097520
2809 9097520 9106334
2810 9106334 9109111
2811 9109111 9113623
2812 9113623 9116790
2813 9116790 9118753
2814 9118753 9129421
2815 9129421 9134746
2816 9134746 9136085
2817 9136085 9137960
2818 9137960 9141584
2819 9141584 9141799
2820 9141799 9145522
2821 9145522 9148074
2822 9148074 9155098
2823 9155098 9161605
2824 9161605 9170426
2825 9170426 9173258
2826 9173258 9175123
2827 9175123 9182205
2828 9182205 9185638
2829 9185638 9188310
2830 9188310 9189494
2831 9189494 9201152
2832 9201152 9212014
2833 9212014 9221937
2834 9221937 9228895
2835 9228895 9237853
2836 9237853 9240167
2837 9240167 9240708
2838 9240708 9241352
2839 9241352 9245673
2840 9245673 9248016
2841 9248016 9257230
2842 9257230 9263772
2843 9263772 9271207
2844 9271207 9273961
2845 9273961 9281666
2846 9281666 9286162
2847 9286162 9289123
2848 9289123 9295454
2849 9295454 9304729
2850 9304729 9307724
2851 9307724 9312131
2852 9312131 9316050
2853 9316050 9317787
2854 9317787 9324326
2855 9324326 9329822
2856 9329822 9335077
2857 9335077 9343128
2858 9343128 9344987
2859 9344987 9347828
2860 9347828 9356343
2861 9356343 9369210
2862 9369210 9373794
2863 9373794 9376175
2864 9376175 9378612
2865 9378612 9379281
2866 9379281 9380667
2867 9380667 9390759
2868 9390759 9412530
2869 9412530 9416053
2870 9416053 9417485
2871 9417485 9418562
2872 9418562 9424331
2873 9424331 9425553
2874 9425553 9426473
2875 9426473 9427838
2876 9427838 9445573
2877 9445573 9455056
2878 9455056 9457909
2879 9457909 9459274
2880 9459274 9463882
2881 9463882 9469847
2882 9469847 9470916
2883 9470916 9473227
2884 9473227 9481402
2885 9481402 9484666
2886 9484666 9486517
2887 9486517 9487056
2888 9487056 9488613
2889 9488613 9494556
2890 9494556 9495895
2891 9495895 9499072
2892 9499072 9500321
2893 9500321 9501644
2894 9501644 9502757
2895 9502757 9508302
2896 9508302 9509241
2897 9509241 9513614
2898 9513614 9513966
2899 9513966 9522850
2900 9522850 9526449
2901 9526449 9528064
2902 9528064 9529411
2903 9529411 9535815
2904 9535815 9539896
2905 9539896 9542848
2906 9542848 9545513
2907 9545513 9547301
2908 9547301 9551420
2909 9551420 9564245
2910 9564245 9565728
2911 9565728 9569766
2912 9569766 9573354
2913 9573354 9574727
2914 9574727 9575823
2915 9575823 9579790
2916 9579790 9586671
2917 9586671 9588263
2918 9588263 9589789
2919 9589789 9591250
2920 9591250 9593689
2921 9593689 9595855
2922 9595855 9597610
2923 9597610 9599382
2924 9599382 9600545
2925 9600545 9602189
2926 9602189 9603002
2927 9603002 9610031
2928 9610031 9618167
2929 9618167 9619652
2930 9619652 9620743
2931 9620743 9625418
2932 9625418 9627848
2933 9627848 9629021
2934 9629021 9635463
2935 9635463 9637241
2936 9637241 9644800
2937 9644800 9646973
2938 9646973 9653369
2939 9653369 9657368
2940 9657368 9658767
2941 9658767 9667106
2942 9667106 9670503
2943 9670503 9675237
2944 9675237 9676924
2945 9676924 9682071
2946 9682071 9689911
2947 9689911 9700934
2948 9700934 9702782
2949 9702782 9710065
2950 9710065 9713769
2951 9713769 9714263
2952 9714263 9715028
2953 9715028 9715915
2954 9715915 9721603
2955 9721603 9723757
2956 9723757 9726391
2957 9726391 9730073
2958 9730073 9733359
2959 9733359 9735461
2960 9735461 9745619
2961 9745619 9746222
2962 9746222 9749402
2963 9749402 9752871
2964 9752871 9758201
2965 9758201 9761980
2966 9761980 9771852
2967 9771852 9773499
2968 9773499 9776638
2969 9776638 9778636
2970 9778636 9783046
2971 9783046 9784426
2972 9784426 9793895
2973 9793895 9798487
2974 9798487 9801084
2975 9801084 9804675
2976 9804675 9806494
2977 9806494 9807993
2978 9807993 9809514
2979 9809514 9814246
2980 9814246 9817153
2981 9817153 9825728
2982 9825728 9828785
2983 9828785 9829995
2984 9829995 9832812
2985 9832812 9835416
2986 9835416 9837380
2987 9837380 9837920
2988 9837920 9843817
2989 9843817 9844350
2990 9844350 9846439
2991 9846439 9852335
2992 9852335 9854869
2993 9854869 9857957
2994 9857957 9866912
2995 9866912 9870542
2996 9870542 9873596
2997 9873596 9882566
2998 9882566 9886620
2999 9886620 9890027
3000 9890027 9893679
3001 9893679 9898175
3002 9898175 9899211
3003 9899211 9901001
3004 9901001 9903110
3005 9903110 9904920
3006 9904920 9920788
3007 9920788 9926735
3008 9926735 9929003
3009 9929003 9931635
3010 9931635 9937052
3011 9937052 9940988
3012 9940988 9954773
3013 9954773 9958613
3014 9958613 9960476
3015 9960476 9964129
3016 9964129 9970737
3017 9970737 9973712
3018 9973712 9974291
3019 9974291 9978861
3020 9978861 9981585
3021 9981585 9983757
3022 9983757 9984511
3023 9984511 9988848
3024 9988848 9991885
3025 9991885 9994654
3026 9994654 9998416
3027 9998416 10000560
3028 10000560 10004588
3029 10004588 10007123
3030 10007123 10009062
3031 10009062 10012948
3032 10012948 10016844
3033 10016844 10018761
3034 10018761 10024220
3035 10024220 10031117
3036 10031117 10033646
3037 10033646 10038249
3038 10038249 10039773
3039 10039773 10042278
3040 10042278 10044972
3041 10044972 10045807
3042 10045807 10046097
3043 10046097 10046956
3044 10046956 10050554
3045 10050554 10056501
3046 10056501 10057760
3047 10057760 10059166
3048 10059166 10061574
3049 10061574 10063379
3050 10063379 10065403
3051 10065403 10068551
3052 10068551 10072539
3053 10072539 10076558
3054 10076558 10080483
3055 10080483 10085135
3056 10085135 10089373
3057 10089373 10092103
3058 10092103 10093841
3059 10093841 10097903
3060 10097903 10101801
3061 10101801 10104713
3062 10104713 10106025
3063 10106025 10125121
3064 10125121 10127340
3065 10127340 10131147
3066 10131147 10132816
3067 10132816 10137091
3068 10137091 10145967
3069 10145967 10149133
3070 10149133 10149340
3071 10149340 10158073
3072 10158073 10163863
3073 10163863 10165099
3074 10165099 10168985
3075 10168985 10175372
3076 10175372 10177059
3077 10177059 10179887
3078 10179887 10186202
3079 10186202 10188031
3080 10188031 10194808
3081 10194808 10198504
3082 10198504 10208961
3083 10208961 10213546
3084 10213546 10217093
3085 10217093 10223568
3086 10223568 10233229
3087 10233229 10234844
3088 10234844 10237644
3089 10237644 10242226
3090 10242226 10250962
3091 10250962 10252570
3092 10252570 10257408
3093 10257408 10267080
3094 10267080 10269119
3095 10269119 10272601
3096 10272601 10280999
3097 10280999 10282745
3098 10282745 10283820
3099 10283820 10285208
3100 10285208 10290588
3101 10290588 10295600
3102 10295600 10297771
3103 10297771 10299529
3104 10299529 10303565
3105 10303565 10305904
3106 10305904 10308180
3107 10308180 10315870
3108 10315870 10317364
3109 10317364 10321663
3110 10321663 10322946
3111 10322946 10324197
3112 10324197 10325625
3113 10325625 10327330
3114 10327330 10332533
3115 10332533 10335075
3116 10335075 10346025
3117 10346025 10347610
3118 10347610 10354661
3119 10354661 10358066
3120 10358066 10360004
3121 10360004 10372910
3122 10372910 10377605
3123 10377605 10380097
3124 10380097 10382436
3125 10382436 10384607
3126 10384607 10386005
3127 10386005 10387192
3128 10387192 10387881
3129 10387881 10392658
3130 10392658 10393970
3131 10393970 10394889
3132 10394889 10398022
3133 10398022 10399934
3134 10399934 10402829
3135 10402829 10403817
3136 10403817 10405155
3137 10405155 10406528
3138 10406528 10407073
3139 10407073 10412048
3140 10412048 10415310
3141 10415310 10417538
3142 10417538 10418415
3143 10418415 10419218
3144 10419218 10420480
3145 10420480 10422088
3146 10422088 10422873
3147 10422873 10424575
3148 10424575 10425146
3149 10425146 10427005
3150 10427005 10429494
3151 10429494 10431834
3152 10431834 10434539
3153 10434539 10436206
3154 10436206 10436845
3155 10436845 10439023
3156 10439023 10441241
3157 10441241 10443582
3158 10443582 10445735
3159 10445735 10446234
3160 10446234 10448680
3161 10448680 10451799
3162 10451799 10453376
3163 10453376 10454100
3164 10454100 10455162
3165 10455162 10457990
3166 10457990 10460707
3167 10460707 10461968
3168 10461968 10463085
3169 10463085 10463957
3170 10463957 10464949
3171 10464949 10465956
3172 10465956 10468327
3173 10468327 10470082
3174 10470082 10471246
3175 10471246 10472160
3176 10472160 10473305
3177 10473305 10474674
3178 10474674 10475684
3179 10475684 10477645
3180 10477645 10478932
3181 10478932 10481686
3182 10481686 10484516
3183 10484516 10487527
3184 10487527 10488601
3185 10488601 10492240
3186 10492240 10496548
3187 10496548 10499892
3188 10499892 10503205
3189 10503205 10504139
3190 10504139 10506480
3191 10506480 10511121
3192 10511121 10513447
3193 10513447 10514255
3194 10514255 10520074
3195 10520074 10521322
3196 10521322 10527351
3197 10527351 10528239
3198 10528239 10529871
3199 10529871 10530758
3200 10530758 10534046
3201 10534046 10537480
3202 10537480 10541531
3203 10541531 10542792
3204 10542792 10543887
3205 10543887 10545703
3206 10545703 10547252
3207 10547252 10549763
3208 10549763 10552273
3209 10552273 10554035
3210 10554035 10555428
3211 10555428 10558352
3212 10558352 10560803
3213 10560803 10562385
3214 10562385 10564260
3215 10564260 10565355
3216 10565355 10566320
3217 10566320 10569698
3218 10569698 10571670
3219 10571670 10573908
3220 10573908 10575876
3221 10575876 10579014
3222 10579014 10580822
3223 10580822 10584033
3224 10584033 10584564
3225 10584564 10585683
3226 10585683 10588265
3227 10588265 10589336
3228 10589336 10591630
3229 10591630 10593506
3230 10593506 10594944
3231 10594944 10595682
3232 10595682 10597373
3233 10597373 10599925
3234 10599925 10601505
3235 10601505 10603908
3236 10603908 10606171
3237 10606171 10607252
3238 10607252 10608692
3239 10608692 10612892
3240 10612892 10615015
3241 10615015 10616819
3242 10616819 10617370
3243 10617370 10618214
3244 10618214 10620792
3245 10620792 10625045
3246 10625045 10628617
3247 10628617 10629535
3248 10629535 10633063
3249 10633063 10635472
3250 10635472 10641155
3251 10641155 10649752
3252 10649752 10657172
3253 10657172 10659606
3254 10659606 10661084
3255 10661084 10662742
3256 10662742 10665433
3257 10665433 10668032
3258 10668032 10670302
3259 10670302 10673383
3260 10673383 10675470
3261 10675470 10678475
3262 10678475 10685448
3263 10685448 10691827
3264 10691827 10698738
3265 10698738 10705528
3266 10705528 10709490
3267 10709490 10717633
3268 10717633 10725437
3269 10725437 10728571
3270 10728571 10730388
3271 10730388 10733389
3272 10733389 10735022
3273 10735022 10738065
3274 10738065 10741519
3275 10741519 10743397
3276 10743397 10744942
3277 10744942 10749731
3278 10749731 10751493
3279 10751493 10753029
3280 10753029 10755511
3281 10755511 10759144
3282 10759144 10761225
3283 10761225 10762701
3284 10762701 10765530
3285 10765530 10773365
3286 10773365 10776715
3287 10776715 10780358
3288 10780358 10789250
3289 10789250 10793001
3290 10793001 10795843
3291 10795843 10798062
3292 10798062 10801647
3293 10801647 10805159
3294 10805159 10807247
3295 10807247 10808864
3296 10808864 10810675
3297 10810675 10817052
3298 10817052 10820268
3299 10820268 10822520
3300 10822520 10824397
3301 10824397 10827836
3302 10827836 10829858
3303 10829858 10834025
3304 10834025 10836756
3305 10836756 10840530
3306 10840530 10842293
3307 10842293 10843847
3308 10843847 10845410
3309 10845410 10847045
3310 10847045 10850710
3311 10850710 10853460
3312 10853460 10857437
3313 10857437 10859833
3314 10859833 10862437
3315 10862437 10864824
3316 10864824 10867373
3317 10867373 10890641
3318 10890641 10893870
3319 10893870 10897501
3320 10897501 10903834
3321 10903834 10906936
3322 10906936 10910246
3323 10910246 10913669
3324 10913669 10918919
3325 10918919 10920544
3326 10920544 10923146
3327 10923146 10926578
3328 10926578 10929041
3329 10929041 10930132
3330 10930132 10932506
3331 10932506 10937600
3332 10937600 10941838
3333 10941838 10945626
3334 10945626 10948276
3335 10948276 10953707
3336 10953707 10956245
3337 10956245 10960045
3338 10960045 10961155
3339 10961155 10966480
3340 10966480 10967933
3341 10967933 10969158
3342 10969158 10971213
3343 10971213 10978667
3344 10978667 10982007
3345 10982007 10984555
3346 10984555 10986569
3347 10986569 10989703
3348 10989703 10996040
3349 10996040 10997041
3350 10997041 10997996
3351 10997996 10999161
3352 10999161 11005491
3353 11005491 11008353
3354 11008353 11013449
3355 11013449 11022536
3356 11022536 11029908
3357 11029908 11031435
3358 11031435 11032094
3359 11032094 11035396
3360 11035396 11038293
3361 11038293 11040528
3362 11040528 11046260
3363 11046260 11050690
3364 11050690 11051400
3365 11051400 11053971
3366 11053971 11055527
3367 11055527 11058062
3368 11058062 11061006
3369 11061006 11066455
3370 11066455 11072338
3371 11072338 11076820
3372 11076820 11079599
3373 11079599 11081684
3374 11081684 11082771
3375 11082771 11083596
3376 11083596 11086252
3377 11086252 11092052
3378 11092052 11093877
3379 11093877 11095629
3380 11095629 11096853
3381 11096853 11099097
3382 11099097 11101546
3383 11101546 11102957
3384 11102957 11103557
3385 11103557 11108578
3386 11108578 11114717
3387 11114717 11126358
3388 11126358 11127593
3389 11127593 11129953
3390 11129953 11132153
3391 11132153 11137357
3392 11137357 11139815
3393 11139815 11142855
3394 11142855 11162952
3395 11162952 11164582
3396 11164582 11166846
3397 11166846 11168627
3398 11168627 11170105
3399 11170105 11177473
3400 11177473 11190081
3401 11190081 11192511
3402 11192511 11194351
3403 11194351 11195814
3404 11195814 11198940
3405 11198940 11200336
3406 11200336 11204234
3407 11204234 11205588
3408 11205588 11207991
3409 11207991 11209968
3410 11209968 11213451
3411 11213451 11213668
3412 11213668 11221005
3413 11221005 11226232
3414 11226232 11232819
3415 11232819 11237270
3416 11237270 11240986
3417 11240986 11243753
3418 11243753 11274693
3419 11274693 11278672
3420 11278672 11283976
3421 11283976 11286838
3422 11286838 11288820
3423 11288820 11290063
