1 0 3767
2 3767 5429
3 5429 8141
4 8141 10834
5 10834 11359
6 11359 15520
7 15520 21603
8 21603 23352
9 23352 26956
10 26956 29423
11 29423 35458
12 35458 41250
13 41250 49028
14 49028 53979
15 53979 54898
16 54898 56183
17 56183 58228
18 58228 62305
19 62305 65811
20 65811 66429
21 66429 70500
22 70500 73422
23 73422 76287
24 76287 79804
25 79804 85428
26 85428 90087
27 90087 95193
28 95193 97912
29 97912 107092
30 107092 116510
31 116510 122070
32 122070 124105
33 124105 131472
34 131472 133478
35 133478 136978
36 136978 140724
37 140724 143344
38 143344 151722
39 151722 153042
40 153042 154938
41 154938 158038
42 158038 162610
43 162610 164647
44 164647 165860
45 165860 167093
46 167093 172394
47 172394 175189
48 175189 179217
49 179217 180367
50 180367 182403
51 182403 184561
52 184561 185912
53 185912 188818
54 188818 190416
55 190416 197749
56 197749 203059
57 203059 203810
58 203810 204356
59 204356 205231
60 205231 205917
61 205917 206464
62 206464 207049
63 207049 208404
64 208404 211942
65 211942 215695
66 215695 216221
67 216221 218320
68 218320 219672
69 219672 223082
70 223082 229346
71 229346 232628
72 232628 237966
73 237966 240990
74 240990 244815
75 244815 248119
76 248119 251172
77 251172 253287
78 253287 255236
79 255236 258448
80 258448 262239
81 262239 262464
82 262464 264420
83 264420 266606
84 266606 270429
85 270429 274243
86 274243 277879
87 277879 289045
88 289045 299134
89 299134 301199
90 301199 305037
91 305037 308499
92 308499 312731
93 312731 314262
94 314262 315734
95 315734 318101
96 318101 320065
97 320065 323181
98 323181 325956
99 325956 327889
100 327889 330292
101 330292 330509
102 330509 330688
103 330688 330895
104 330895 331074
105 331074 331698
106 331698 332356
107 332356 332987
108 332987 333663
109 333663 334321
110 334321 334955
111 334955 335147
112 335147 335746
113 335746 336373
114 336373 337063
115 337063 337296
116 337296 337475
117 337475 338134
118 338134 338307
119 338307 338977
120 338977 339618
121 339618 340254
122 340254 340893
123 340893 341532
124 341532 342171
125 342171 342807
126 342807 343437
127 343437 344078
128 344078 344720
129 344720 344914
130 344914 345571
131 345571 346211
132 346211 346838
133 346838 347020
134 347020 347651
135 347651 347873
136 347873 348559
137 348559 348782
138 348782 349411
139 349411 349780
140 349780 349974
141 349974 350648
142 350648 351301
143 351301 351876
144 351876 352518
145 352518 353202
146 353202 353838
147 353838 354506
148 354506 355160
149 355160 355803
150 355803 356466
151 356466 357122
152 357122 357788
153 357788 358448
154 358448 358667
155 358667 359304
156 359304 359941
157 359941 360565
158 360565 361223
159 361223 361854
160 361854 362533
161 362533 363169
162 363169 363801
163 363801 364024
164 364024 364581
165 364581 365208
166 365208 365421
167 365421 366078
168 366078 366720
169 366720 367347
170 367347 367575
171 367575 368203
172 368203 368384
173 368384 369059
174 369059 369686
175 369686 369867
176 369867 370066
177 370066 370258
178 370258 370477
179 370477 371110
180 371110 371771
181 371771 372402
182 372402 373076
183 373076 373746
184 373746 374383
185 374383 374607
186 374607 375164
187 375164 375791
188 375791 376001
189 376001 376296
190 376296 376608
191 376608 376801
192 376801 377458
193 377458 378098
194 378098 378317
195 378317 378606
196 378606 378917
197 378917 379584
198 379584 379765
199 379765 380035
200 380035 380662
201 380662 380863
202 380863 381494
203 381494 381738
204 381738 382397
205 382397 383078
206 383078 383714
207 383714 384351
208 384351 384983
209 384983 385619
210 385619 385809
211 385809 386366
212 386366 387021
213 387021 387242
214 387242 387445
215 387445 388103
216 388103 388741
217 388741 389399
218 389399 389612
219 389612 390268
220 390268 390463
221 390463 391094
222 391094 391293
223 391293 391924
224 391924 392582
225 392582 393228
226 393228 393909
227 393909 394569
228 394569 395238
229 395238 395884
230 395884 396559
231 396559 397222
232 397222 397882
233 397882 398545
234 398545 399200
235 399200 399831
236 399831 400038
237 400038 400672
238 400672 401295
239 401295 401922
240 401922 402552
241 402552 403190
242 403190 403836
243 403836 404474
244 404474 405133
245 405133 405327
246 405327 405925
247 405925 406582
248 406582 406783
249 406783 407425
250 407425 408050
251 408050 408687
252 408687 409343
253 409343 409978
254 409978 410615
255 410615 411252
256 411252 411475
257 411475 412108
258 412108 412776
259 412776 412955
260 412955 413600
261 413600 414256
262 414256 414925
263 414925 415594
264 415594 415774
265 415774 416399
266 416399 416617
267 416617 416809
268 416809 417007
269 417007 417199
270 417199 417819
271 417819 418448
272 418448 419086
273 419086 419731
274 419731 420369
275 420369 421009
276 421009 421202
277 421202 421800
278 421800 422459
279 422459 422639
280 422639 423269
281 423269 423464
282 423464 424103
283 424103 424729
284 424729 425385
285 425385 425608
286 425608 426238
287 426238 426429
288 426429 427072
289 427072 427731
290 427731 427949
291 427949 428141
292 428141 428314
293 428314 428506
294 428506 429124
295 429124 429753
296 429753 430392
297 430392 431039
298 431039 431678
299 431678 432312
300 432312 432505
301 432505 433105
302 433105 433759
303 433759 433975
304 433975 434616
305 434616 435240
306 435240 435896
307 435896 436181
308 436181 436816
309 436816 436996
310 436996 437640
311 437640 437860
312 437860 438568
313 438568 438741
314 438741 439386
315 439386 440041
316 440041 440236
317 440236 440449
318 440449 440644
319 440644 440851
320 440851 441046
321 441046 441235
322 441235 441430
323 441430 441622
324 441622 441829
325 441829 442030
326 442030 442646
327 442646 442838
328 442838 443435
329 443435 443657
330 443657 444295
331 444295 444933
332 444933 445557
333 445557 446189
334 446189 446828
335 446828 447473
336 447473 448112
337 448112 448745
338 448745 448935
339 448935 449577
340 449577 450204
341 450204 450859
342 450859 451514
343 451514 451736
344 451736 452368
345 452368 453000
346 453000 453200
347 453200 453394
348 453394 453568
349 453568 454216
350 454216 454871
351 454871 455072
352 455072 455245
353 455245 455437
354 455437 455654
355 455654 456276
356 456276 456911
357 456911 457550
358 457550 458197
359 458197 458836
360 458836 459468
361 459468 459654
362 459654 460251
363 460251 460906
364 460906 461112
365 461112 461754
366 461754 462376
367 462376 463031
368 463031 463263
369 463263 463894
370 463894 464107
371 464107 464747
372 464747 464927
373 464927 465575
374 465575 466230
375 466230 466408
376 466408 467035
377 467035 467234
378 467234 467419
379 467419 467586
380 467586 467803
381 467803 468425
382 468425 469057
383 469057 469694
384 469694 470344
385 470344 470984
386 470984 471618
387 471618 472273
388 472273 472465
389 472465 473062
390 473062 473754
391 473754 473986
392 473986 474198
393 474198 474839
394 474839 475466
395 475466 475669
396 475669 475863
397 475863 476518
398 476518 476708
399 476708 477391
400 477391 477611
401 477611 478286
402 478286 478526
403 478526 479158
404 479158 479352
405 479352 479566
406 479566 480213
407 480213 480869
408 480869 481543
409 481543 482193
410 482193 482861
411 482861 483524
412 483524 484189
413 484189 484842
414 484842 485510
415 485510 486173
416 486173 486839
417 486839 487504
418 487504 488140
419 488140 488359
420 488359 488997
421 488997 489632
422 489632 490256
423 490256 490889
424 490889 491523
425 491523 492171
426 492171 492810
427 492810 493476
428 493476 493656
429 493656 494253
430 494253 494450
431 494450 495075
432 495075 495726
433 495726 495921
434 495921 496569
435 496569 496769
436 496769 497409
437 497409 498034
438 498034 498696
439 498696 499351
440 499351 499573
441 499573 500197
442 500197 500377
443 500377 501024
444 501024 501679
445 501679 501920
446 501920 502087
447 502087 502318
448 502318 502485
449 502485 503105
450 503105 503736
451 503736 504375
452 504375 505026
453 505026 505666
454 505666 506306
455 506306 506498
456 506498 507097
457 507097 507752
458 507752 507950
459 507950 508156
460 508156 508797
461 508797 509422
462 509422 510077
463 510077 510336
464 510336 510518
465 510518 510703
466 510703 510913
467 510913 511541
468 511541 511721
469 511721 512368
470 512368 513023
471 513023 513250
472 513250 513484
473 513484 514099
474 514099 514285
475 514285 514883
476 514883 515050
477 515050 515244
478 515244 515418
479 515418 515622
480 515622 516262
481 516262 516901
482 516901 517541
483 517541 517758
484 517758 518380
485 518380 519014
486 519014 519653
487 519653 520302
488 520302 520941
489 520941 521607
490 521607 522264
491 522264 522458
492 522458 523100
493 523100 523725
494 523725 524382
495 524382 524633
496 524633 525324
497 525324 525937
498 525937 526140
499 526140 526779
500 526779 527023
501 527023 527701
502 527701 527923
503 527923 528554
504 528554 528734
505 528734 529382
506 529382 529571
507 529571 530228
508 530228 530419
509 530419 531084
510 531084 531746
511 531746 532440
512 532440 533114
513 533114 533765
514 533765 534416
515 534416 535069
516 535069 535734
517 535734 536398
518 536398 537091
519 537091 537712
520 537712 537931
521 537931 538566
522 538566 539205
523 539205 539824
524 539824 540457
525 540457 541096
526 541096 541744
527 541744 542381
528 542381 543070
529 543070 543263
530 543263 543862
531 543862 544519
532 544519 544713
533 544713 545356
534 545356 545980
535 545980 546636
536 546636 546879
537 546879 547121
538 547121 547756
539 547756 547955
540 547955 548599
541 548599 549256
542 549256 549910
543 549910 550126
544 550126 550345
545 550345 550576
546 550576 550801
547 550801 551020
548 551020 551638
549 551638 552270
550 552270 552904
551 552904 553548
552 553548 554191
553 554191 554844
554 554844 555043
555 555043 555641
556 555641 556298
557 556298 556947
558 556947 557156
559 557156 557795
560 557795 558417
561 558417 559074
562 559074 559283
563 559283 559475
564 559475 559745
565 559745 560388
566 560388 560602
567 560602 561261
568 561261 561918
569 561918 562123
570 562123 562722
571 562722 562954
572 562954 563616
573 563616 564273
574 564273 564461
575 564461 565105
576 565105 565727
577 565727 566384
578 566384 566586
579 566586 567226
580 567226 567465
581 567465 568087
582 568087 568280
583 568280 568907
584 568907 569564
585 569564 569761
586 569761 569964
587 569964 570155
588 570155 570391
589 570391 571028
590 571028 571725
591 571725 572368
592 572368 573025
593 573025 573696
594 573696 574355
595 574355 574996
596 574996 575655
597 575655 576318
598 576318 576966
599 576966 577627
600 577627 578285
601 578285 578770
602 578770 581946
603 581946 584070
604 584070 594277
605 594277 595417
606 595417 596773
607 596773 601968
608 601968 604514
609 604514 611182
610 611182 619021
611 619021 620452
612 620452 622237
613 622237 624496
614 624496 627923
615 627923 629894
616 629894 632009
617 632009 638071
618 638071 640160
619 640160 641630
620 641630 642750
621 642750 645941
622 645941 652269
623 652269 654266
624 654266 656671
625 656671 659293
626 659293 661919
627 661919 665535
628 665535 666961
629 666961 675470
630 675470 679393
631 679393 680886
632 680886 691345
633 691345 695458
634 695458 702674
635 702674 712723
636 712723 716096
637 716096 722605
638 722605 726991
639 726991 731666
640 731666 734673
641 734673 736007
642 736007 739094
643 739094 741064
644 741064 742747
645 742747 744476
646 744476 747843
647 747843 749921
648 749921 752064
649 752064 753061
650 753061 754968
651 754968 758939
652 758939 761151
653 761151 766563
654 766563 768321
655 768321 770231
656 770231 772789
657 772789 774997
658 774997 777390
659 777390 779590
660 779590 781397
661 781397 783794
662 783794 789826
663 789826 794794
664 794794 796436
665 796436 810125
666 810125 815511
667 815511 816501
668 816501 831020
669 831020 832888
670 832888 834507
671 834507 835616
672 835616 837147
673 837147 838925
674 838925 845017
675 845017 848019
676 848019 851111
677 851111 853511
678 853511 855479
679 855479 858343
680 858343 863760
681 863760 879166
682 879166 886419
683 886419 889788
684 889788 893036
685 893036 895590
686 895590 898564
687 898564 899920
688 899920 902231
689 902231 907518
690 907518 909143
691 909143 910453
692 910453 912171
693 912171 914175
694 914175 916253
695 916253 918870
696 918870 920912
697 920912 922421
698 922421 923924
699 923924 925332
700 925332 927836
701 927836 933165
702 933165 934488
703 934488 949103
704 949103 950218
705 950218 951554
706 951554 956808
707 956808 959329
708 959329 962437
709 962437 969330
710 969330 975555
711 975555 984778
712 984778 996494
713 996494 998586
714 998586 1005107
715 1005107 1010943
716 1010943 1020992
717 1020992 1028719
718 1028719 1028927
719 1028927 1029171
720 1029171 1029440
721 1029440 1029636
722 1029636 1029866
723 1029866 1030074
724 1030074 1030327
725 1030327 1036324
726 1036324 1037566
727 1037566 1042520
728 1042520 1052521
729 1052521 1058044
730 1058044 1061100
731 1061100 1063109
732 1063109 1065082
733 1065082 1067418
734 1067418 1069257
735 1069257 1070690
736 1070690 1072203
737 1072203 1073781
738 1073781 1075433
739 1075433 1078907
740 1078907 1081471
741 1081471 1096763
742 1096763 1100083
743 1100083 1108070
744 1108070 1111763
745 1111763 1115206
746 1115206 1121375
747 1121375 1123944
748 1123944 1127647
749 1127647 1130421
750 1130421 1139801
751 1139801 1141198
752 1141198 1141392
753 1141392 1143337
754 1143337 1148327
755 1148327 1149742
756 1149742 1151453
757 1151453 1153302
758 1153302 1156191
759 1156191 1164373
760 1164373 1171906
761 1171906 1175410
762 1175410 1185174
763 1185174 1186832
764 1186832 1187797
765 1187797 1189465
766 1189465 1193611
767 1193611 1197386
768 1197386 1198424
769 1198424 1213530
770 1213530 1217676
771 1217676 1224199
772 1224199 1227699
773 1227699 1231210
774 1231210 1232439
775 1232439 1237245
776 1237245 1238020
777 1238020 1238532
778 1238532 1246336
779 1246336 1249208
780 1249208 1252850
781 1252850 1255598
782 1255598 1256824
783 1256824 1257830
784 1257830 1259988
785 1259988 1260241
786 1260241 1260449
787 1260449 1260712
788 1260712 1272588
789 1272588 1277958
790 1277958 1283871
791 1283871 1285650
792 1285650 1286713
793 1286713 1309397
794 1309397 1310917
795 1310917 1317551
796 1317551 1323978
797 1323978 1333569
798 1333569 1335212
799 1335212 1339001
800 1339001 1341114
801 1341114 1344265
802 1344265 1349449
803 1349449 1355024
804 1355024 1359733
805 1359733 1365279
806 1365279 1367167
807 1367167 1371059
808 1371059 1377149
809 1377149 1379622
810 1379622 1384067
811 1384067 1385049
812 1385049 1385848
813 1385848 1390031
814 1390031 1392711
815 1392711 1395680
816 1395680 1396943
817 1396943 1398899
818 1398899 1401228
819 1401228 1403975
820 1403975 1406290
821 1406290 1407592
822 1407592 1412302
823 1412302 1416893
824 1416893 1420481
825 1420481 1423622
826 1423622 1427737
827 1427737 1432251
828 1432251 1435035
829 1435035 1438867
830 1438867 1441186
831 1441186 1442936
832 1442936 1445244
833 1445244 1465753
834 1465753 1469074
835 1469074 1473167
836 1473167 1475095
837 1475095 1483838
838 1483838 1486525
839 1486525 1491851
840 1491851 1497209
841 1497209 1500907
842 1500907 1505086
843 1505086 1511027
844 1511027 1514065
845 1514065 1519536
846 1519536 1521283
847 1521283 1523913
848 1523913 1528954
849 1528954 1533752
850 1533752 1537073
851 1537073 1542502
852 1542502 1548002
853 1548002 1552289
854 1552289 1554836
855 1554836 1559257
856 1559257 1566666
857 1566666 1566860
858 1566860 1571600
859 1571600 1571779
860 1571779 1572690
861 1572690 1573492
862 1573492 1575735
863 1575735 1577523
864 1577523 1578469
865 1578469 1580317
866 1580317 1592463
867 1592463 1596907
868 1596907 1598797
869 1598797 1605694
870 1605694 1615684
871 1615684 1616809
872 1616809 1626763
873 1626763 1630152
874 1630152 1631563
875 1631563 1635088
876 1635088 1640463
877 1640463 1645138
878 1645138 1650688
879 1650688 1654153
880 1654153 1655897
881 1655897 1656687
882 1656687 1659275
883 1659275 1663224
884 1663224 1666761
885 1666761 1671939
886 1671939 1677204
887 1677204 1678527
888 1678527 1687909
889 1687909 1691206
890 1691206 1691809
891 1691809 1693365
892 1693365 1696693
893 1696693 1698583
894 1698583 1701868
895 1701868 1706989
896 1706989 1709129
897 1709129 1714969
898 1714969 1717279
899 1717279 1721504
900 1721504 1726430
901 1726430 1727477
902 1727477 1728580
903 1728580 1735287
904 1735287 1737465
905 1737465 1739414
906 1739414 1746121
907 1746121 1752345
908 1752345 1755990
909 1755990 1756638
910 1756638 1758492
911 1758492 1761590
912 1761590 1762865
913 1762865 1765183
914 1765183 1766313
915 1766313 1769810
916 1769810 1773939
917 1773939 1778284
918 1778284 1784589
919 1784589 1788361
920 1788361 1789090
921 1789090 1793384
922 1793384 1797482
923 1797482 1798036
924 1798036 1799052
925 1799052 1800653
926 1800653 1804325
927 1804325 1807931
928 1807931 1812752
929 1812752 1815467
930 1815467 1817563
931 1817563 1820711
932 1820711 1821530
933 1821530 1828729
934 1828729 1829693
935 1829693 1832858
936 1832858 1835260
937 1835260 1837951
938 1837951 1841374
939 1841374 1843941
940 1843941 1848029
941 1848029 1850088
942 1850088 1851967
943 1851967 1856420
944 1856420 1857860
945 1857860 1862302
946 1862302 1866201
947 1866201 1871899
948 1871899 1878581
949 1878581 1883129
950 1883129 1884947
951 1884947 1886234
952 1886234 1889100
953 1889100 1895561
954 1895561 1898117
955 1898117 1901582
956 1901582 1904312
957 1904312 1906606
958 1906606 1917123
959 1917123 1917904
960 1917904 1927037
961 1927037 1933868
962 1933868 1936090
963 1936090 1938628
964 1938628 1941036
965 1941036 1943423
966 1943423 1944787
967 1944787 1945940
968 1945940 1948903
969 1948903 1959092
970 1959092 1960386
971 1960386 1964372
972 1964372 1965514
973 1965514 1965988
974 1965988 1976801
975 1976801 1978654
976 1978654 1982035
977 1982035 1985395
978 1985395 1988995
979 1988995 1998705
980 1998705 2000907
981 2000907 2002036
982 2002036 2002834
983 2002834 2003906
984 2003906 2005756
985 2005756 2014295
986 2014295 2017768
987 2017768 2024131
988 2024131 2028963
989 2028963 2034591
990 2034591 2036315
991 2036315 2041693
992 2041693 2043402
993 2043402 2045130
994 2045130 2051950
995 2051950 2054752
996 2054752 2056266
997 2056266 2058350
998 2058350 2060948
999 2060948 2063543
1000 2063543 2067342
1001 2067342 2068143
1002 2068143 2069258
1003 2069258 2072216
1004 2072216 2076646
1005 2076646 2086344
1006 2086344 2088554
1007 2088554 2091739
1008 2091739 2093859
1009 2093859 2096160
1010 2096160 2123222
1011 2123222 2125136
1012 2125136 2126930
1013 2126930 2132324
1014 2132324 2137808
1015 2137808 2140329
1016 2140329 2143761
1017 2143761 2148557
1018 2148557 2152304
1019 2152304 2155704
1020 2155704 2171212
1021 2171212 2175376
1022 2175376 2178993
1023 2178993 2189170
1024 2189170 2190872
1025 2190872 2192395
1026 2192395 2198283
1027 2198283 2209263
1028 2209263 2214537
1029 2214537 2218413
1030 2218413 2220632
1031 2220632 2221962
1032 2221962 2222650
1033 2222650 2224204
1034 2224204 2228877
1035 2228877 2231636
1036 2231636 2233611
1037 2233611 2242426
1038 2242426 2248721
1039 2248721 2253936
1040 2253936 2255932
1041 2255932 2262430
1042 2262430 2265422
1043 2265422 2268384
1044 2268384 2275918
1045 2275918 2277638
1046 2277638 2279778
1047 2279778 2282393
1048 2282393 2284115
1049 2284115 2285739
1050 2285739 2296680
1051 2296680 2304318
1052 2304318 2307722
1053 2307722 2310783
1054 2310783 2312706
1055 2312706 2318304
1056 2318304 2326513
1057 2326513 2329744
1058 2329744 2330345
1059 2330345 2334025
1060 2334025 2339172
1061 2339172 2346105
1062 2346105 2347050
1063 2347050 2349437
1064 2349437 2353829
1065 2353829 2357405
1066 2357405 2360334
1067 2360334 2365984
1068 2365984 2371096
1069 2371096 2378474
1070 2378474 2379622
1071 2379622 2383585
1072 2383585 2384956
1073 2384956 2392327
1074 2392327 2395644
1075 2395644 2400050
1076 2400050 2404950
1077 2404950 2407319
1078 2407319 2413422
1079 2413422 2415725
1080 2415725 2417457
1081 2417457 2432793
1082 2432793 2442114
1083 2442114 2447531
1084 2447531 2448926
1085 2448926 2454646
1086 2454646 2456063
1087 2456063 2462651
1088 2462651 2467308
1089 2467308 2471941
1090 2471941 2481733
1091 2481733 2483488
1092 2483488 2486989
1093 2486989 2502719
1094 2502719 2512340
1095 2512340 2516273
1096 2516273 2524193
1097 2524193 2537996
1098 2537996 2541817
1099 2541817 2555932
1100 2555932 2561355
1101 2561355 2562670
1102 2562670 2568207
1103 2568207 2569467
1104 2569467 2571443
1105 2571443 2574127
1106 2574127 2576567
1107 2576567 2577803
1108 2577803 2578962
1109 2578962 2585802
1110 2585802 2588991
1111 2588991 2591607
1112 2591607 2596871
1113 2596871 2598808
1114 2598808 2601400
1115 2601400 2606197
1116 2606197 2610947
1117 2610947 2615456
1118 2615456 2618566
1119 2618566 2626283
1120 2626283 2632118
1121 2632118 2635669
1122 2635669 2639035
1123 2639035 2641423
1124 2641423 2644940
1125 2644940 2647137
1126 2647137 2649199
1127 2649199 2658410
1128 2658410 2663842
1129 2663842 2671390
1130 2671390 2676854
1131 2676854 2681736
1132 2681736 2690026
1133 2690026 2702001
1134 2702001 2708356
1135 2708356 2709812
1136 2709812 2711693
1137 2711693 2712692
1138 2712692 2718015
1139 2718015 2720991
1140 2720991 2721685
1141 2721685 2725899
1142 2725899 2726738
1143 2726738 2729910
1144 2729910 2730667
1145 2730667 2731611
1146 2731611 2735863
1147 2735863 2739557
1148 2739557 2740856
1149 2740856 2742687
1150 2742687 2743859
1151 2743859 2745519
1152 2745519 2746421
1153 2746421 2748943
1154 2748943 2753351
1155 2753351 2758057
1156 2758057 2759191
1157 2759191 2761457
1158 2761457 2762437
1159 2762437 2764433
1160 2764433 2765350
1161 2765350 2766567
1162 2766567 2768074
1163 2768074 2768652
1164 2768652 2772641
1165 2772641 2774113
1166 2774113 2778948
1167 2778948 2781454
1168 2781454 2783544
1169 2783544 2786056
1170 2786056 2788319
1171 2788319 2791827
1172 2791827 2793523
1173 2793523 2794669
1174 2794669 2797299
1175 2797299 2799348
1176 2799348 2801267
1177 2801267 2805581
1178 2805581 2820201
1179 2820201 2822347
1180 2822347 2828956
1181 2828956 2842708
1182 2842708 2851791
1183 2851791 2855518
1184 2855518 2860146
1185 2860146 2863807
1186 2863807 2869500
1187 2869500 2871212
1188 2871212 2880329
1189 2880329 2884337
1190 2884337 2886250
1191 2886250 2896035
1192 2896035 2902543
1193 2902543 2905017
1194 2905017 2909567
1195 2909567 2917139
1196 2917139 2919246
1197 2919246 2922972
1198 2922972 2927306
1199 2927306 2928413
1200 2928413 2930648
1201 2930648 2931327
1202 2931327 2931997
1203 2931997 2932690
1204 2932690 2933362
1205 2933362 2934075
1206 2934075 2934766
1207 2934766 2935467
1208 2935467 2936115
1209 2936115 2936756
1210 2936756 2937422
1211 2937422 2938069
1212 2938069 2938798
1213 2938798 2939495
1214 2939495 2940163
1215 2940163 2940806
1216 2940806 2941491
1217 2941491 2942128
1218 2942128 2942797
1219 2942797 2943452
1220 2943452 2944096
1221 2944096 2944760
1222 2944760 2945417
1223 2945417 2946084
1224 2946084 2946745
1225 2946745 2947422
1226 2947422 2948135
1227 2948135 2948798
1228 2948798 2949494
1229 2949494 2950170
1230 2950170 2950842
1231 2950842 2951533
1232 2951533 2952206
1233 2952206 2952883
1234 2952883 2953594
1235 2953594 2954260
1236 2954260 2954956
1237 2954956 2955664
1238 2955664 2956346
1239 2956346 2957055
1240 2957055 2957725
1241 2957725 2958411
1242 2958411 2959127
1243 2959127 2959822
1244 2959822 2960496
1245 2960496 2961143
1246 2961143 2961825
1247 2961825 2962486
1248 2962486 2963156
1249 2963156 2963803
1250 2963803 2964479
1251 2964479 2965143
1252 2965143 2965804
1253 2965804 2966468
1254 2966468 2967124
1255 2967124 2967790
1256 2967790 2968502
1257 2968502 2969166
1258 2969166 2969864
1259 2969864 2970542
1260 2970542 2971181
1261 2971181 2971858
1262 2971858 2972532
1263 2972532 2973224
1264 2973224 2973900
1265 2973900 2974613
1266 2974613 2975261
1267 2975261 2975924
1268 2975924 2976620
1269 2976620 2977294
1270 2977294 2977971
1271 2977971 2978641
1272 2978641 2979317
1273 2979317 2980011
1274 2980011 2980722
1275 2980722 2981386
1276 2981386 2982079
1277 2982079 2982738
1278 2982738 2983461
1279 2983461 2984138
1280 2984138 2984792
1281 2984792 2985475
1282 2985475 2986141
1283 2986141 2986816
1284 2986816 2987481
1285 2987481 2988133
1286 2988133 2988796
1287 2988796 2989456
1288 2989456 2990133
1289 2990133 2990794
1290 2990794 2991509
1291 2991509 2992193
1292 2992193 2992862
1293 2992862 2993557
1294 2993557 2994222
1295 2994222 2994891
1296 2994891 2995563
1297 2995563 2996237
1298 2996237 2996909
1299 2996909 2997603
1300 2997603 2998278
1301 2998278 2998988
1302 2998988 2999656
1303 2999656 3000355
1304 3000355 3001059
1305 3001059 3001731
1306 3001731 3002379
1307 3002379 3003053
1308 3003053 3003724
1309 3003724 3004417
1310 3004417 3005094
1311 3005094 3005807
1312 3005807 3006475
1313 3006475 3007147
1314 3007147 3007813
1315 3007813 3008533
1316 3008533 3009231
1317 3009231 3009896
1318 3009896 3010573
1319 3010573 3011248
1320 3011248 3011899
1321 3011899 3012568
1322 3012568 3013232
1323 3013232 3013898
1324 3013898 3014552
1325 3014552 3015221
1326 3015221 3015885
1327 3015885 3016552
1328 3016552 3017218
1329 3017218 3017898
1330 3017898 3018609
1331 3018609 3019244
1332 3019244 3019937
1333 3019937 3020602
1334 3020602 3021297
1335 3021297 3021967
1336 3021967 3022674
1337 3022674 3023366
1338 3023366 3024044
1339 3024044 3024715
1340 3024715 3025422
1341 3025422 3026090
1342 3026090 3026814
1343 3026814 3027460
1344 3027460 3028117
1345 3028117 3028809
1346 3028809 3029486
1347 3029486 3030162
1348 3030162 3030844
1349 3030844 3031557
1350 3031557 3032230
1351 3032230 3032920
1352 3032920 3033623
1353 3033623 3034293
1354 3034293 3034971
1355 3034971 3035640
1356 3035640 3036358
1357 3036358 3037082
1358 3037082 3037754
1359 3037754 3038452
1360 3038452 3039121
1361 3039121 3039777
1362 3039777 3040439
1363 3040439 3041105
1364 3041105 3041768
1365 3041768 3042463
1366 3042463 3043138
1367 3043138 3043790
1368 3043790 3044442
1369 3044442 3045096
1370 3045096 3045762
1371 3045762 3046427
1372 3046427 3047121
1373 3047121 3047801
1374 3047801 3048503
1375 3048503 3049170
1376 3049170 3049876
1377 3049876 3050569
1378 3050569 3051240
1379 3051240 3051933
1380 3051933 3052616
1381 3052616 3053313
1382 3053313 3053992
1383 3053992 3054671
1384 3054671 3055376
1385 3055376 3056038
1386 3056038 3056248
1387 3056248 3056441
1388 3056441 3057135
1389 3057135 3057812
1390 3057812 3058518
1391 3058518 3059231
1392 3059231 3059896
1393 3059896 3060568
1394 3060568 3061262
1395 3061262 3061923
1396 3061923 3062590
1397 3062590 3063252
1398 3063252 3063913
1399 3063913 3064616
1400 3064616 3065274
1401 3065274 3065946
1402 3065946 3066606
1403 3066606 3067248
1404 3067248 3067908
1405 3067908 3068572
1406 3068572 3069221
1407 3069221 3069883
1408 3069883 3070542
1409 3070542 3071218
1410 3071218 3071875
1411 3071875 3072539
1412 3072539 3073240
1413 3073240 3073948
1414 3073948 3074672
1415 3074672 3075370
1416 3075370 3076034
1417 3076034 3076708
1418 3076708 3077399
1419 3077399 3078057
1420 3078057 3078753
1421 3078753 3079404
1422 3079404 3080071
1423 3080071 3080749
1424 3080749 3081412
1425 3081412 3082088
1426 3082088 3082789
1427 3082789 3083449
1428 3083449 3084102
1429 3084102 3084799
1430 3084799 3085466
1431 3085466 3086146
1432 3086146 3086801
1433 3086801 3087502
1434 3087502 3088167
1435 3088167 3088848
1436 3088848 3089515
1437 3089515 3090191
1438 3090191 3090907
1439 3090907 3091620
1440 3091620 3092343
1441 3092343 3093009
1442 3093009 3093743
1443 3093743 3094435
1444 3094435 3095096
1445 3095096 3095762
1446 3095762 3096417
1447 3096417 3097104
1448 3097104 3097750
1449 3097750 3098402
1450 3098402 3099077
1451 3099077 3099732
1452 3099732 3100405
1453 3100405 3101065
1454 3101065 3101752
1455 3101752 3102403
1456 3102403 3103103
1457 3103103 3103786
1458 3103786 3104452
1459 3104452 3105145
1460 3105145 3105807
1461 3105807 3106471
1462 3106471 3107171
1463 3107171 3107861
1464 3107861 3108526
1465 3108526 3109192
1466 3109192 3109869
1467 3109869 3110534
1468 3110534 3111230
1469 3111230 3111927
1470 3111927 3112589
1471 3112589 3113241
1472 3113241 3113944
1473 3113944 3114617
1474 3114617 3115283
1475 3115283 3115974
1476 3115974 3116651
1477 3116651 3117310
1478 3117310 3118005
1479 3118005 3118741
1480 3118741 3119437
1481 3119437 3120105
1482 3120105 3120818
1483 3120818 3121530
1484 3121530 3122235
1485 3122235 3122956
1486 3122956 3123680
1487 3123680 3124378
1488 3124378 3125071
1489 3125071 3125765
1490 3125765 3126476
1491 3126476 3127172
1492 3127172 3127849
1493 3127849 3128552
1494 3128552 3129200
1495 3129200 3129859
1496 3129859 3130555
1497 3130555 3131221
1498 3131221 3131927
1499 3131927 3132596
1500 3132596 3133287
1501 3133287 3133953
1502 3133953 3134625
1503 3134625 3135278
1504 3135278 3135976
1505 3135976 3136655
1506 3136655 3137298
1507 3137298 3138001
1508 3138001 3138674
1509 3138674 3139346
1510 3139346 3140042
1511 3140042 3140714
1512 3140714 3141420
1513 3141420 3142076
1514 3142076 3142818
1515 3142818 3143559
1516 3143559 3144294
1517 3144294 3144990
1518 3144990 3145670
1519 3145670 3146315
1520 3146315 3146971
1521 3146971 3147629
1522 3147629 3148295
1523 3148295 3148934
1524 3148934 3149619
1525 3149619 3150252
1526 3150252 3150895
1527 3150895 3151562
1528 3151562 3152208
1529 3152208 3152888
1530 3152888 3153593
1531 3153593 3154252
1532 3154252 3154948
1533 3154948 3155167
1534 3155167 3155849
1535 3155849 3156549
1536 3156549 3157255
1537 3157255 3157941
1538 3157941 3158610
1539 3158610 3159302
1540 3159302 3159972
1541 3159972 3160655
1542 3160655 3161314
1543 3161314 3161998
1544 3161998 3162696
1545 3162696 3163399
1546 3163399 3164058
1547 3164058 3164752
1548 3164752 3165445
1549 3165445 3166106
1550 3166106 3166830
1551 3166830 3167519
1552 3167519 3168167
1553 3168167 3168840
1554 3168840 3169499
1555 3169499 3170159
1556 3170159 3170816
1557 3170816 3171451
1558 3171451 3172109
1559 3172109 3172761
1560 3172761 3173419
1561 3173419 3174080
1562 3174080 3174734
1563 3174734 3175399
1564 3175399 3176101
1565 3176101 3176770
1566 3176770 3177464
1567 3177464 3178111
1568 3178111 3178786
1569 3178786 3179445
1570 3179445 3180169
1571 3180169 3180870
1572 3180870 3181568
1573 3181568 3182272
1574 3182272 3182941
1575 3182941 3183612
1576 3183612 3184275
1577 3184275 3184961
1578 3184961 3185616
1579 3185616 3186287
1580 3186287 3186952
1581 3186952 3187646
1582 3187646 3188310
1583 3188310 3188999
1584 3188999 3189703
1585 3189703 3190407
1586 3190407 3191086
1587 3191086 3191758
1588 3191758 3192437
1589 3192437 3193106
1590 3193106 3193800
1591 3193800 3194471
1592 3194471 3195148
1593 3195148 3195810
1594 3195810 3196464
1595 3196464 3197113
1596 3197113 3197771
1597 3197771 3198413
1598 3198413 3199069
1599 3199069 3199742
1600 3199742 3200398
1601 3200398 3201050
1602 3201050 3201751
1603 3201751 3202439
1604 3202439 3203107
1605 3203107 3203808
1606 3203808 3204504
1607 3204504 3205171
1608 3205171 3205874
1609 3205874 3206544
1610 3206544 3207215
1611 3207215 3207912
1612 3207912 3208595
1613 3208595 3209263
1614 3209263 3209956
1615 3209956 3210648
1616 3210648 3211315
1617 3211315 3212045
1618 3212045 3212728
1619 3212728 3213423
1620 3213423 3214073
1621 3214073 3214725
1622 3214725 3215370
1623 3215370 3216073
1624 3216073 3216770
1625 3216770 3217443
1626 3217443 3218115
1627 3218115 3218797
1628 3218797 3219461
1629 3219461 3220154
1630 3220154 3220825
1631 3220825 3221478
1632 3221478 3222137
1633 3222137 3222791
1634 3222791 3223438
1635 3223438 3224098
1636 3224098 3224749
1637 3224749 3225418
1638 3225418 3226052
1639 3226052 3226699
1640 3226699 3227363
1641 3227363 3228022
1642 3228022 3228725
1643 3228725 3229409
1644 3229409 3230100
1645 3230100 3230759
1646 3230759 3231432
1647 3231432 3232125
1648 3232125 3232777
1649 3232777 3233442
1650 3233442 3234109
1651 3234109 3234752
1652 3234752 3235399
1653 3235399 3236102
1654 3236102 3236769
1655 3236769 3237466
1656 3237466 3238131
1657 3238131 3238809
1658 3238809 3239470
1659 3239470 3240108
1660 3240108 3240801
1661 3240801 3241466
1662 3241466 3242169
1663 3242169 3242863
1664 3242863 3243529
1665 3243529 3244225
1666 3244225 3244890
1667 3244890 3245567
1668 3245567 3246226
1669 3246226 3246919
1670 3246919 3247566
1671 3247566 3248219
1672 3248219 3248892
1673 3248892 3249567
1674 3249567 3250215
1675 3250215 3250861
1676 3250861 3251560
1677 3251560 3252238
1678 3252238 3252885
1679 3252885 3253530
1680 3253530 3254233
1681 3254233 3254871
1682 3254871 3255548
1683 3255548 3256266
1684 3256266 3256943
1685 3256943 3257587
1686 3257587 3258238
1687 3258238 3258883
1688 3258883 3259542
1689 3259542 3260179
1690 3260179 3260838
1691 3260838 3261480
1692 3261480 3262121
1693 3262121 3262789
1694 3262789 3263439
1695 3263439 3264135
1696 3264135 3264799
1697 3264799 3265501
1698 3265501 3266134
1699 3266134 3266805
1700 3266805 3267466
1701 3267466 3271166
1702 3271166 3273185
1703 3273185 3276420
1704 3276420 3279300
1705 3279300 3286896
1706 3286896 3287325
1707 3287325 3287856
1708 3287856 3299135
1709 3299135 3303645
1710 3303645 3307340
1711 3307340 3316385
1712 3316385 3319811
1713 3319811 3321881
1714 3321881 3323901
1715 3323901 3331051
1716 3331051 3337534
1717 3337534 3341243
1718 3341243 3343508
1719 3343508 3358496
1720 3358496 3364929
1721 3364929 3366276
1722 3366276 3368270
1723 3368270 3371226
1724 3371226 3373829
1725 3373829 3375984
1726 3375984 3377591
1727 3377591 3378350
1728 3378350 3379759
1729 3379759 3380512
1730 3380512 3380917
1731 3380917 3384923
1732 3384923 3388866
1733 3388866 3391947
1734 3391947 3396130
1735 3396130 3403756
1736 3403756 3409212
1737 3409212 3410586
1738 3410586 3415931
1739 3415931 3417122
1740 3417122 3418069
1741 3418069 3419946
1742 3419946 3422384
1743 3422384 3427899
1744 3427899 3430428
1745 3430428 3438547
1746 3438547 3441036
1747 3441036 3441970
1748 3441970 3442835
1749 3442835 3444496
1750 3444496 3446753
1751 3446753 3454058
1752 3454058 3455717
1753 3455717 3460504
1754 3460504 3462979
1755 3462979 3466635
1756 3466635 3469346
1757 3469346 3476333
1758 3476333 3478655
1759 3478655 3481696
1760 3481696 3486319
1761 3486319 3488860
1762 3488860 3491763
1763 3491763 3493687
1764 3493687 3494980
1765 3494980 3499736
1766 3499736 3501389
1767 3501389 3502411
1768 3502411 3504032
1769 3504032 3505851
1770 3505851 3510479
1771 3510479 3512171
1772 3512171 3514875
1773 3514875 3524243
1774 3524243 3526139
1775 3526139 3528792
1776 3528792 3537901
1777 3537901 3541471
1778 3541471 3547648
1779 3547648 3551036
1780 3551036 3554011
1781 3554011 3561912
1782 3561912 3563665
1783 3563665 3565885
1784 3565885 3567551
1785 3567551 3568533
1786 3568533 3570940
1787 3570940 3572638
1788 3572638 3574438
1789 3574438 3589536
1790 3589536 3596942
1791 3596942 3600104
1792 3600104 3601798
1793 3601798 3603228
1794 3603228 3610935
1795 3610935 3612946
1796 3612946 3615079
1797 3615079 3616882
1798 3616882 3618587
1799 3618587 3620683
1800 3620683 3621859
1801 3621859 3625212
1802 3625212 3628916
1803 3628916 3635286
1804 3635286 3636787
1805 3636787 3639485
1806 3639485 3641592
1807 3641592 3644714
1808 3644714 3646330
1809 3646330 3654858
1810 3654858 3658375
1811 3658375 3661779
1812 3661779 3663158
1813 3663158 3671087
1814 3671087 3679300
1815 3679300 3687950
1816 3687950 3693649
1817 3693649 3701081
1818 3701081 3708176
1819 3708176 3713680
1820 3713680 3715488
1821 3715488 3721925
1822 3721925 3730974
1823 3730974 3734851
1824 3734851 3739457
1825 3739457 3742197
1826 3742197 3744607
1827 3744607 3748481
1828 3748481 3753303
1829 3753303 3757578
1830 3757578 3760838
1831 3760838 3767903
1832 3767903 3776491
1833 3776491 3784992
1834 3784992 3787801
1835 3787801 3788459
1836 3788459 3792661
1837 3792661 3800809
1838 3800809 3809158
1839 3809158 3814578
1840 3814578 3817003
1841 3817003 3824613
1842 3824613 3831267
1843 3831267 3834741
1844 3834741 3837652
1845 3837652 3838723
1846 3838723 3841788
1847 3841788 3852400
1848 3852400 3859975
1849 3859975 3867603
1850 3867603 3868655
1851 3868655 3871635
1852 3871635 3873440
1853 3873440 3881479
1854 3881479 3888432
1855 3888432 3892505
1856 3892505 3893548
1857 3893548 3903139
1858 3903139 3912781
1859 3912781 3915498
1860 3915498 3919303
1861 3919303 3925005
1862 3925005 3939799
1863 3939799 3942855
1864 3942855 3947322
1865 3947322 3955225
1866 3955225 3961735
1867 3961735 3964253
1868 3964253 3968130
1869 3968130 3971942
1870 3971942 3973812
1871 3973812 3977209
1872 3977209 3982298
1873 3982298 3984549
1874 3984549 3985666
1875 3985666 3987040
1876 3987040 3991046
1877 3991046 3992047
1878 3992047 3995544
1879 3995544 3998855
1880 3998855 4002541
1881 4002541 4005828
1882 4005828 4008303
1883 4008303 4009300
1884 4009300 4010572
1885 4010572 4018649
1886 4018649 4025672
1887 4025672 4030166
1888 4030166 4037474
1889 4037474 4038480
1890 4038480 4041820
1891 4041820 4050901
1892 4050901 4053059
1893 4053059 4059365
1894 4059365 4065662
1895 4065662 4066815
1896 4066815 4067656
1897 4067656 4074467
1898 4074467 4078059
1899 4078059 4080750
1900 4080750 4081784
1901 4081784 4088511
1902 4088511 4096744
1903 4096744 4100473
1904 4100473 4105507
1905 4105507 4109021
1906 4109021 4110923
1907 4110923 4111928
1908 4111928 4113352
1909 4113352 4114535
1910 4114535 4116647
1911 4116647 4117959
1912 4117959 4119710
1913 4119710 4121531
1914 4121531 4123726
1915 4123726 4125543
1916 4125543 4133223
1917 4133223 4151591
1918 4151591 4155483
1919 4155483 4159907
1920 4159907 4163266
1921 4163266 4166828
1922 4166828 4177354
1923 4177354 4181432
1924 4181432 4182664
1925 4182664 4183571
1926 4183571 4185090
1927 4185090 4186070
1928 4186070 4188058
1929 4188058 4192535
1930 4192535 4194180
1931 4194180 4200437
1932 4200437 4208150
1933 4208150 4210158
1934 4210158 4214176
1935 4214176 4216864
1936 4216864 4221650
1937 4221650 4230513
1938 4230513 4235505
1939 4235505 4243495
1940 4243495 4248295
1941 4248295 4258349
1942 4258349 4260576
1943 4260576 4262208
1944 4262208 4264324
1945 4264324 4266215
1946 4266215 4268667
1947 4268667 4271577
1948 4271577 4274175
1949 4274175 4287492
1950 4287492 4289997
1951 4289997 4292273
1952 4292273 4294803
1953 4294803 4297905
1954 4297905 4299508
1955 4299508 4309684
1956 4309684 4319352
1957 4319352 4324088
1958 4324088 4331104
1959 4331104 4334780
1960 4334780 4338223
1961 4338223 4341086
1962 4341086 4346980
1963 4346980 4350080
1964 4350080 4355955
1965 4355955 4360744
1966 4360744 4374495
1967 4374495 4378342
1968 4378342 4381328
1969 4381328 4382968
1970 4382968 4391093
1971 4391093 4396801
1972 4396801 4409320
1973 4409320 4413152
1974 4413152 4415373
1975 4415373 4420857
1976 4420857 4426723
1977 4426723 4434667
1978 4434667 4444826
1979 4444826 4448445
1980 4448445 4451850
1981 4451850 4454051
1982 4454051 4454452
1983 4454452 4458252
1984 4458252 4460299
1985 4460299 4461799
1986 4461799 4469194
1987 4469194 4470231
1988 4470231 4471192
1989 4471192 4472886
1990 4472886 4476181
1991 4476181 4478023
1992 4478023 4482101
1993 4482101 4484288
1994 4484288 4488332
1995 4488332 4489746
1996 4489746 4494683
1997 4494683 4497302
1998 4497302 4499072
1999 4499072 4501065
2000 4501065 4502567
2001 4502567 4508941
2002 4508941 4512543
2003 4512543 4519422
2004 4519422 4529623
2005 4529623 4531820
2006 4531820 4535514
2007 4535514 4537869
2008 4537869 4541596
2009 4541596 4544562
2010 4544562 4548355
2011 4548355 4549996
2012 4549996 4560154
2013 4560154 4562317
2014 4562317 4567323
2015 4567323 4569762
2016 4569762 4571295
2017 4571295 4579272
2018 4579272 4586086
2019 4586086 4590558
2020 4590558 4600195
2021 4600195 4606627
2022 4606627 4612384
2023 4612384 4615281
2024 4615281 4620983
2025 4620983 4631453
2026 4631453 4635788
2027 4635788 4641973
2028 4641973 4646632
2029 4646632 4648928
2030 4648928 4652379
2031 4652379 4661305
2032 4661305 4663132
2033 4663132 4668894
2034 4668894 4672963
2035 4672963 4677037
2036 4677037 4679669
2037 4679669 4680057
2038 4680057 4681934
2039 4681934 4689358
2040 4689358 4693828
2041 4693828 4696278
2042 4696278 4698042
2043 4698042 4701150
2044 4701150 4704697
2045 4704697 4707510
2046 4707510 4712770
2047 4712770 4713967
2048 4713967 4715150
2049 4715150 4718285
2050 4718285 4725927
2051 4725927 4733602
2052 4733602 4734812
2053 4734812 4740869
2054 4740869 4742582
2055 4742582 4744932
2056 4744932 4749791
2057 4749791 4751535
2058 4751535 4754913
2059 4754913 4756861
2060 4756861 4758053
2061 4758053 4760715
2062 4760715 4761406
2063 4761406 4764227
2064 4764227 4769458
2065 4769458 4769665
2066 4769665 4771342
2067 4771342 4774197
2068 4774197 4778380
2069 4778380 4779652
2070 4779652 4780784
2071 4780784 4782423
2072 4782423 4783626
2073 4783626 4785309
2074 4785309 4786154
2075 4786154 4787040
2076 4787040 4790888
2077 4790888 4791739
2078 4791739 4794874
2079 4794874 4802740
2080 4802740 4805308
2081 4805308 4806835
2082 4806835 4810017
2083 4810017 4811196
2084 4811196 4813916
2085 4813916 4816288
2086 4816288 4817655
2087 4817655 4818705
2088 4818705 4822398
2089 4822398 4825491
2090 4825491 4826976
2091 4826976 4835350
2092 4835350 4836834
2093 4836834 4838911
2094 4838911 4839888
2095 4839888 4841575
2096 4841575 4843221
2097 4843221 4844156
2098 4844156 4846604
2099 4846604 4856271
2100 4856271 4860251
2101 4860251 4865374
2102 4865374 4875182
2103 4875182 4876851
2104 4876851 4877609
2105 4877609 4878352
2106 4878352 4881289
2107 4881289 4883176
2108 4883176 4885504
2109 4885504 4888703
2110 4888703 4891612
2111 4891612 4894584
2112 4894584 4897608
2113 4897608 4900062
2114 4900062 4902547
2115 4902547 4905101
2116 4905101 4905971
2117 4905971 4907583
2118 4907583 4913429
2119 4913429 4916023
2120 4916023 4917327
2121 4917327 4919388
2122 4919388 4920984
2123 4920984 4923898
2124 4923898 4929717
2125 4929717 4930928
2126 4930928 4933766
2127 4933766 4935626
2128 4935626 4936879
2129 4936879 4938016
2130 4938016 4939810
2131 4939810 4945818
2132 4945818 4947636
2133 4947636 4951092
2134 4951092 4952703
2135 4952703 4953332
2136 4953332 4956052
2137 4956052 4956967
2138 4956967 4962744
2139 4962744 4967971
2140 4967971 4969600
2141 4969600 4970380
2142 4970380 4971189
2143 4971189 4973690
2144 4973690 4979506
2145 4979506 4983261
2146 4983261 4986992
2147 4986992 4990681
2148 4990681 4994465
2149 4994465 4998303
2150 4998303 5002169
2151 5002169 5006239
2152 5006239 5010126
2153 5010126 5013938
2154 5013938 5017774
2155 5017774 5021628
2156 5021628 5025401
2157 5025401 5029213
2158 5029213 5033043
2159 5033043 5036869
2160 5036869 5040742
2161 5040742 5044454
2162 5044454 5045099
2163 5045099 5050935
2164 5050935 5051636
2165 5051636 5054457
2166 5054457 5057341
2167 5057341 5058450
2168 5058450 5059742
2169 5059742 5067339
2170 5067339 5068840
2171 5068840 5071153
2172 5071153 5073266
2173 5073266 5074740
2174 5074740 5075740
2175 5075740 5077459
2176 5077459 5080098
2177 5080098 5082024
2178 5082024 5099081
2179 5099081 5100644
2180 5100644 5105508
2181 5105508 5107633
2182 5107633 5110469
2183 5110469 5116765
2184 5116765 5117315
2185 5117315 5121365
2186 5121365 5123423
2187 5123423 5124652
2188 5124652 5129327
2189 5129327 5130197
2190 5130197 5132331
2191 5132331 5134243
2192 5134243 5138442
2193 5138442 5143154
2194 5143154 5152408
2195 5152408 5156555
2196 5156555 5159278
2197 5159278 5160139
2198 5160139 5160965
2199 5160965 5161890
2200 5161890 5162959
2201 5162959 5164945
2202 5164945 5168096
2203 5168096 5170564
2204 5170564 5178368
2205 5178368 5181049
2206 5181049 5183081
2207 5183081 5189316
2208 5189316 5193579
2209 5193579 5197962
2210 5197962 5201814
2211 5201814 5208719
2212 5208719 5212341
2213 5212341 5215643
2214 5215643 5220285
2215 5220285 5225569
2216 5225569 5230030
2217 5230030 5233467
2218 5233467 5237606
2219 5237606 5238763
2220 5238763 5246728
2221 5246728 5251317
2222 5251317 5255724
2223 5255724 5260116
2224 5260116 5264220
2225 5264220 5269802
2226 5269802 5277618
2227 5277618 5279982
2228 5279982 5282127
2229 5282127 5285095
2230 5285095 5288057
2231 5288057 5292689
2232 5292689 5298136
2233 5298136 5301322
2234 5301322 5305428
2235 5305428 5310906
2236 5310906 5315606
2237 5315606 5320742
2238 5320742 5323250
2239 5323250 5325996
2240 5325996 5328982
2241 5328982 5337262
2242 5337262 5338508
2243 5338508 5339296
2244 5339296 5339517
2245 5339517 5343683
2246 5343683 5347045
2247 5347045 5348607
2248 5348607 5358574
2249 5358574 5361660
2250 5361660 5370433
2251 5370433 5374414
2252 5374414 5379677
2253 5379677 5384627
2254 5384627 5393229
2255 5393229 5398044
2256 5398044 5401982
2257 5401982 5402521
2258 5402521 5407225
2259 5407225 5411637
2260 5411637 5415469
2261 5415469 5421312
2262 5421312 5428547
2263 5428547 5435034
2264 5435034 5437625
2265 5437625 5441003
2266 5441003 5441988
2267 5441988 5464917
2268 5464917 5483516
2269 5483516 5486117
2270 5486117 5494612
2271 5494612 5496276
2272 5496276 5498688
2273 5498688 5505842
2274 5505842 5509199
2275 5509199 5520231
2276 5520231 5523124
2277 5523124 5526653
2278 5526653 5529893
2279 5529893 5534747
2280 5534747 5542030
2281 5542030 5548951
2282 5548951 5555161
2283 5555161 5556253
2284 5556253 5559056
2285 5559056 5562520
2286 5562520 5563584
2287 5563584 5566039
2288 5566039 5567610
2289 5567610 5573972
2290 5573972 5587615
2291 5587615 5589730
2292 5589730 5602701
2293 5602701 5609189
2294 5609189 5612085
2295 5612085 5617135
2296 5617135 5619116
2297 5619116 5628179
2298 5628179 5634761
2299 5634761 5637259
2300 5637259 5643723
2301 5643723 5648734
2302 5648734 5655290
2303 5655290 5660023
2304 5660023 5664274
2305 5664274 5667893
2306 5667893 5670959
2307 5670959 5675076
2308 5675076 5683737
2309 5683737 5687789
2310 5687789 5695337
2311 5695337 5733921
2312 5733921 5739377
2313 5739377 5757265
2314 5757265 5762572
2315 5762572 5765357
2316 5765357 5775914
2317 5775914 5779713
2318 5779713 5784457
2319 5784457 5789881
2320 5789881 5794723
2321 5794723 5799985
2322 5799985 5806727
2323 5806727 5813228
2324 5813228 5817923
2325 5817923 5822089
2326 5822089 5831058
2327 5831058 5839479
2328 5839479 5844978
2329 5844978 5849266
2330 5849266 5856726
2331 5856726 5864647
2332 5864647 5870311
2333 5870311 5875685
2334 5875685 5880166
2335 5880166 5885142
2336 5885142 5889476
2337 5889476 5893862
2338 5893862 5899224
2339 5899224 5900497
2340 5900497 5904522
2341 5904522 5924410
2342 5924410 5928135
2343 5928135 5934484
2344 5934484 5939178
2345 5939178 5942008
2346 5942008 5945505
2347 5945505 5949435
2348 5949435 5952919
2349 5952919 5957212
2350 5957212 5969144
2351 5969144 5973404
2352 5973404 5981639
2353 5981639 5989518
2354 5989518 5997537
2355 5997537 6004863
2356 6004863 6006508
2357 6006508 6011776
2358 6011776 6028241
2359 6028241 6032865
2360 6032865 6042330
2361 6042330 6047655
2362 6047655 6051868
2363 6051868 6056670
2364 6056670 6060717
2365 6060717 6071242
2366 6071242 6076813
2367 6076813 6080942
2368 6080942 6084121
2369 6084121 6087883
2370 6087883 6091820
2371 6091820 6095149
2372 6095149 6098583
2373 6098583 6117030
2374 6117030 6121854
2375 6121854 6127234
2376 6127234 6130649
2377 6130649 6142140
2378 6142140 6150033
2379 6150033 6169588
2380 6169588 6175059
2381 6175059 6176305
2382 6176305 6178448
2383 6178448 6181335
2384 6181335 6185017
2385 6185017 6204387
2386 6204387 6224180
2387 6224180 6228548
2388 6228548 6232862
2389 6232862 6236400
2390 6236400 6248981
2391 6248981 6255782
2392 6255782 6281585
2393 6281585 6292829
2394 6292829 6299940
2395 6299940 6301507
2396 6301507 6307471
2397 6307471 6313839
2398 6313839 6337446
2399 6337446 6339029
2400 6339029 6341855
2401 6341855 6343822
2402 6343822 6345395
2403 6345395 6347967
2404 6347967 6349986
2405 6349986 6353750
2406 6353750 6354704
2407 6354704 6355923
2408 6355923 6357861
2409 6357861 6359311
2410 6359311 6363134
2411 6363134 6368864
2412 6368864 6371116
2413 6371116 6374030
2414 6374030 6375546
2415 6375546 6381308
2416 6381308 6383978
2417 6383978 6385277
2418 6385277 6386554
2419 6386554 6387900
2420 6387900 6395867
2421 6395867 6397591
2422 6397591 6400433
2423 6400433 6401687
2424 6401687 6403129
2425 6403129 6408265
2426 6408265 6411318
2427 6411318 6412626
2428 6412626 6415426
2429 6415426 6416881
2430 6416881 6417822
2431 6417822 6420609
2432 6420609 6422115
2433 6422115 6423034
2434 6423034 6426046
2435 6426046 6427280
2436 6427280 6436071
2437 6436071 6438691
2438 6438691 6440327
2439 6440327 6442573
2440 6442573 6444575
2441 6444575 6450840
2442 6450840 6452930
2443 6452930 6454508
2444 6454508 6457667
2445 6457667 6461738
2446 6461738 6464433
2447 6464433 6467327
2448 6467327 6468375
2449 6468375 6469805
2450 6469805 6475322
2451 6475322 6476980
2452 6476980 6480610
2453 6480610 6482702
2454 6482702 6488522
2455 6488522 6495314
2456 6495314 6496546
2457 6496546 6498077
2458 6498077 6498445
2459 6498445 6500655
2460 6500655 6502408
2461 6502408 6505365
2462 6505365 6506596
2463 6506596 6508567
2464 6508567 6509500
2465 6509500 6511379
2466 6511379 6514357
2467 6514357 6521254
2468 6521254 6523926
2469 6523926 6525500
2470 6525500 6527279
2471 6527279 6528995
2472 6528995 6529966
2473 6529966 6538936
2474 6538936 6544557
2475 6544557 6550236
2476 6550236 6555732
2477 6555732 6562485
2478 6562485 6564569
2479 6564569 6584036
2480 6584036 6591727
2481 6591727 6593557
2482 6593557 6594805
2483 6594805 6597851
2484 6597851 6599719
2485 6599719 6602422
2486 6602422 6606607
2487 6606607 6608030
2488 6608030 6608635
2489 6608635 6615217
2490 6615217 6617643
2491 6617643 6619482
2492 6619482 6622839
2493 6622839 6624738
2494 6624738 6638507
2495 6638507 6639059
2496 6639059 6640709
2497 6640709 6643750
2498 6643750 6646128
2499 6646128 6648970
2500 6648970 6667354
2501 6667354 6670601
2502 6670601 6674351
2503 6674351 6678614
2504 6678614 6682234
2505 6682234 6696854
2506 6696854 6699921
2507 6699921 6704756
2508 6704756 6708874
2509 6708874 6711510
2510 6711510 6714249
2511 6714249 6717834
2512 6717834 6721317
2513 6721317 6741127
2514 6741127 6745140
2515 6745140 6746407
2516 6746407 6750594
2517 6750594 6754283
2518 6754283 6759645
2519 6759645 6763979
2520 6763979 6767787
2521 6767787 6772173
2522 6772173 6775256
2523 6775256 6776959
2524 6776959 6781277
2525 6781277 6785027
2526 6785027 6788219
2527 6788219 6792230
2528 6792230 6796403
2529 6796403 6799960
2530 6799960 6803617
2531 6803617 6807436
2532 6807436 6811454
2533 6811454 6814939
2534 6814939 6819263
2535 6819263 6829788
2536 6829788 6833565
2537 6833565 6838298
2538 6838298 6841815
2539 6841815 6845850
2540 6845850 6850640
2541 6850640 6854839
2542 6854839 6858804
2543 6858804 6862296
2544 6862296 6865155
2545 6865155 6868259
2546 6868259 6871405
2547 6871405 6875480
2548 6875480 6878761
2549 6878761 6898131
2550 6898131 6902499
2551 6902499 6905920
2552 6905920 6907487
2553 6907487 6910954
2554 6910954 6914483
2555 6914483 6934038
2556 6934038 6938725
2557 6938725 6940249
2558 6940249 6943676
2559 6943676 6948538
2560 6948538 6952698
2561 6952698 6956054
2562 6956054 6957294
2563 6957294 6960761
2564 6960761 6966220
2565 6966220 6970009
2566 6970009 6975088
2567 6975088 6978273
2568 6978273 6981576
2569 6981576 6985228
2570 6985228 6988972
2571 6988972 6992466
2572 6992466 6995216
2573 6995216 6998468
2574 6998468 7002128
2575 7002128 7005337
2576 7005337 7008901
2577 7008901 7027854
2578 7027854 7032384
2579 7032384 7036179
2580 7036179 7039814
2581 7039814 7041422
2582 7041422 7045765
2583 7045765 7047017
2584 7047017 7047963
2585 7047963 7050937
2586 7050937 7055022
2587 7055022 7058585
2588 7058585 7061447
2589 7061447 7064989
2590 7064989 7067615
2591 7067615 7068738
2592 7068738 7072974
2593 7072974 7092802
2594 7092802 7096643
2595 7096643 7101479
2596 7101479 7104822
2597 7104822 7109651
2598 7109651 7112980
2599 7112980 7116269
2600 7116269 7119930
2601 7119930 7128021
2602 7128021 7139576
2603 7139576 7141629
2604 7141629 7145242
2605 7145242 7150417
2606 7150417 7155757
2607 7155757 7160925
2608 7160925 7167271
2609 7167271 7168310
2610 7168310 7175514
2611 7175514 7178463
2612 7178463 7188004
2613 7188004 7192229
2614 7192229 7198659
2615 7198659 7201550
2616 7201550 7203150
2617 7203150 7206077
2618 7206077 7209484
2619 7209484 7211262
2620 7211262 7216822
2621 7216822 7225900
2622 7225900 7226093
2623 7226093 7228392
2624 7228392 7236818
2625 7236818 7243622
2626 7243622 7250088
2627 7250088 7253783
2628 7253783 7257171
2629 7257171 7260065
2630 7260065 7263485
2631 7263485 7263961
2632 7263961 7266135
2633 7266135 7270067
2634 7270067 7273688
2635 7273688 7276604
2636 7276604 7280189
2637 7280189 7282891
2638 7282891 7289458
2639 7289458 7298886
2640 7298886 7307331
2641 7307331 7317863
2642 7317863 7327562
2643 7327562 7337843
2644 7337843 7345806
2645 7345806 7351285
2646 7351285 7357534
2647 7357534 7365032
2648 7365032 7368588
2649 7368588 7372583
2650 7372583 7374959
2651 7374959 7376522
2652 7376522 7378190
2653 7378190 7381347
2654 7381347 7384866
2655 7384866 7392471
2656 7392471 7398818
2657 7398818 7404760
2658 7404760 7408338
2659 7408338 7412937
2660 7412937 7416426
2661 7416426 7428035
2662 7428035 7433192
2663 7433192 7439838
2664 7439838 7444649
2665 7444649 7445725
2666 7445725 7449897
2667 7449897 7453560
2668 7453560 7457008
2669 7457008 7461325
2670 7461325 7466235
2671 7466235 7470798
2672 7470798 7478789
2673 7478789 7481040
2674 7481040 7486583
2675 7486583 7490966
2676 7490966 7497503
2677 7497503 7502298
2678 7502298 7504471
2679 7504471 7506620
2680 7506620 7508119
2681 7508119 7511438
2682 7511438 7516039
2683 7516039 7520179
2684 7520179 7526420
2685 7526420 7535003
2686 7535003 7536862
2687 7536862 7542648
2688 7542648 7549928
2689 7549928 7551219
2690 7551219 7554645
2691 7554645 7558758
2692 7558758 7560390
2693 7560390 7567690
2694 7567690 7570450
2695 7570450 7580595
2696 7580595 7584893
2697 7584893 7590703
2698 7590703 7591523
2699 7591523 7595285
2700 7595285 7597266
2701 7597266 7597697
2702 7597697 7598138
2703 7598138 7598595
2704 7598595 7599096
2705 7599096 7599567
2706 7599567 7600046
2707 7600046 7600549
2708 7600549 7601088
2709 7601088 7601575
2710 7601575 7602092
2711 7602092 7602585
2712 7602585 7603070
2713 7603070 7603571
2714 7603571 7604040
2715 7604040 7604577
2716 7604577 7607271
2717 7607271 7610033
2718 7610033 7611967
2719 7611967 7614420
2720 7614420 7621599
2721 7621599 7623170
2722 7623170 7624332
2723 7624332 7625494
2724 7625494 7626648
2725 7626648 7627810
2726 7627810 7628972
2727 7628972 7630134
2728 7630134 7631296
2729 7631296 7632458
2730 7632458 7633620
2731 7633620 7634425
2732 7634425 7635562
2733 7635562 7643659
2734 7643659 7649222
2735 7649222 7650559
2736 7650559 7652580
2737 7652580 7657352
2738 7657352 7664154
2739 7664154 7672357
2740 7672357 7676290
2741 7676290 7681797
2742 7681797 7683058
2743 7683058 7691931
2744 7691931 7697964
2745 7697964 7700041
2746 7700041 7704513
2747 7704513 7706472
2748 7706472 7715793
2749 7715793 7718210
2750 7718210 7719495
2751 7719495 7722433
2752 7722433 7724605
2753 7724605 7727634
2754 7727634 7728589
2755 7728589 7732374
2756 7732374 7734985
2757 7734985 7736514
2758 7736514 7739938
2759 7739938 7741609
2760 7741609 7747998
2761 7747998 7750481
2762 7750481 7752651
2763 7752651 7757740
2764 7757740 7766325
2765 7766325 7771532
2766 7771532 7772637
2767 7772637 7773954
2768 7773954 7775434
2769 7775434 7777917
2770 7777917 7780296
2771 7780296 7782133
2772 7782133 7785653
2773 7785653 7788090
2774 7788090 7792034
2775 7792034 7795806
2776 7795806 7796260
2777 7796260 7809664
2778 7809664 7819285
2779 7819285 7821764
2780 7821764 7823865
2781 7823865 7826314
2782 7826314 7828987
2783 7828987 7835387
2784 7835387 7843402
2785 7843402 7848649
2786 7848649 7854614
2787 7854614 7859191
2788 7859191 7861704
2789 7861704 7864205
2790 7864205 7871637
2791 7871637 7880166
2792 7880166 7885589
2793 7885589 7886250
2794 7886250 7889062
2795 7889062 7892325
2796 7892325 7893477
2797 7893477 7895272
2798 7895272 7897210
2799 7897210 7897864
2800 7897864 7898359
2801 7898359 7898977
2802 7898977 7901567
2803 7901567 7904099
2804 7904099 7906034
2805 7906034 7911821
2806 7911821 7913871
2807 7913871 7917709
2808 7917709 7925860
2809 7925860 7930065
2810 7930065 7932466
2811 7932466 7934057
2812 7934057 7937083
2813 7937083 7938876
2814 7938876 7947200
2815 7947200 7948913
2816 7948913 7950521
2817 7950521 7953617
2818 7953617 7954814
2819 7954814 7955416
2820 7955416 7957004
2821 7957004 7958663
2822 7958663 7960248
2823 7960248 7969087
2824 7969087 7976889
2825 7976889 7981343
2826 7981343 7984288
2827 7984288 7984916
2828 7984916 7992626
2829 7992626 7996694
2830 7996694 8009269
2831 8009269 8014218
2832 8014218 8016766
2833 8016766 8020690
2834 8020690 8036918
2835 8036918 8043252
2836 8043252 8045897
2837 8045897 8046221
2838 8046221 8048595
2839 8048595 8052476
2840 8052476 8055319
2841 8055319 8068905
2842 8068905 8076862
2843 8076862 8078796
2844 8078796 8081601
2845 8081601 8083557
2846 8083557 8085431
2847 8085431 8088927
2848 8088927 8091168
2849 8091168 8094251
2850 8094251 8096267
2851 8096267 8098121
2852 8098121 8100337
2853 8100337 8103299
2854 8103299 8106181
2855 8106181 8108136
2856 8108136 8110376
2857 8110376 8112591
2858 8112591 8114444
2859 8114444 8116459
2860 8116459 8119088
2861 8119088 8122434
2862 8122434 8124627
2863 8124627 8126563
2864 8126563 8128362
2865 8128362 8130473
2866 8130473 8135000
2867 8135000 8138923
2868 8138923 8142748
2869 8142748 8145780
2870 8145780 8148257
2871 8148257 8150849
2872 8150849 8153206
2873 8153206 8155604
2874 8155604 8160131
2875 8160131 8160470
2876 8160470 8166360
2877 8166360 8170283
2878 8170283 8174108
2879 8174108 8184087
2880 8184087 8186920
2881 8186920 8187905
2882 8187905 8192354
2883 8192354 8199551
2884 8199551 8199875
2885 8199875 8203099
2886 8203099 8205796
2887 8205796 8208200
2888 8208200 8210823
2889 8210823 8214417
2890 8214417 8218796
2891 8218796 8221432
2892 8221432 8226449
2893 8226449 8229224
2894 8229224 8237477
2895 8237477 8240255
2896 8240255 8246568
2897 8246568 8249040
2898 8249040 8250285
2899 8250285 8268151
2900 8268151 8278050
2901 8278050 8281036
2902 8281036 8284305
2903 8284305 8290218
2904 8290218 8293726
2905 8293726 8295693
2906 8295693 8298798
2907 8298798 8303318
2908 8303318 8307719
2909 8307719 8311464
2910 8311464 8314481
2911 8314481 8339082
2912 8339082 8350440
2913 8350440 8366790
2914 8366790 8397543
2915 8397543 8401354
2916 8401354 8402985
2917 8402985 8403213
2918 8403213 8406041
2919 8406041 8406996
2920 8406996 8408128
2921 8408128 8423713
2922 8423713 8430153
2923 8430153 8444124
2924 8444124 8444868
2925 8444868 8447645
2926 8447645 8449704
2927 8449704 8452320
2928 8452320 8455112
2929 8455112 8456897
2930 8456897 8476968
2931 8476968 8486014
2932 8486014 8489593
2933 8489593 8493154
2934 8493154 8496556
2935 8496556 8498666
2936 8498666 8502035
2937 8502035 8502472
2938 8502472 8505026
2939 8505026 8507942
2940 8507942 8521879
2941 8521879 8523693
2942 8523693 8527808
2943 8527808 8530575
2944 8530575 8533551
2945 8533551 8534487
2946 8534487 8535182
2947 8535182 8555339
2948 8555339 8559192
2949 8559192 8559429
2950 8559429 8588072
2951 8588072 8592293
2952 8592293 8599701
2953 8599701 8609039
2954 8609039 8639358
2955 8639358 8659048
2956 8659048 8660005
2957 8660005 8660628
2958 8660628 8662959
2959 8662959 8664580
2960 8664580 8669552
2961 8669552 8672874
2962 8672874 8676929
2963 8676929 8679436
2964 8679436 8684034
2965 8684034 8685185
2966 8685185 8687195
2967 8687195 8687871
2968 8687871 8688299
2969 8688299 8698225
2970 8698225 8700532
2971 8700532 8701392
2972 8701392 8731851
2973 8731851 8735400
2974 8735400 8736338
2975 8736338 8738930
2976 8738930 8742060
2977 8742060 8742397
2978 8742397 8749618
2979 8749618 8768656
2980 8768656 8774365
2981 8774365 8775674
2982 8775674 8777860
2983 8777860 8780214
2984 8780214 8782829
2985 8782829 8785386
2986 8785386 8786637
2987 8786637 8795643
2988 8795643 8799297
2989 8799297 8801449
2990 8801449 8803814
2991 8803814 8825916
2992 8825916 8826775
2993 8826775 8827177
2994 8827177 8828335
2995 8828335 8832186
2996 8832186 8833328
2997 8833328 8836873
2998 8836873 8840130
2999 8840130 8841714
3000 8841714 8843067
3001 8843067 8845090
3002 8845090 8847254
3003 8847254 8848544
3004 8848544 8849864
3005 8849864 8853766
3006 8853766 8854325
3007 8854325 8860802
3008 8860802 8863383
3009 8863383 8867062
3010 8867062 8867889
3011 8867889 8869167
3012 8869167 8871591
3013 8871591 8872287
3014 8872287 8873082
3015 8873082 8878106
3016 8878106 8879599
3017 8879599 8882877
3018 8882877 8884094
3019 8884094 8885887
3020 8885887 8890457
3021 8890457 8891553
3022 8891553 8895790
3023 8895790 8897630
3024 8897630 8899792
3025 8899792 8900018
3026 8900018 8904990
3027 8904990 8907636
3028 8907636 8910252
3029 8910252 8910628
3030 8910628 8912170
3031 8912170 8913685
3032 8913685 8915889
3033 8915889 8917397
3034 8917397 8918493
3035 8918493 8921175
3036 8921175 8922205
3037 8922205 8922549
3038 8922549 8927141
3039 8927141 8928440
3040 8928440 8929348
3041 8929348 8933281
3042 8933281 8934636
3043 8934636 8937779
3044 8937779 8940417
3045 8940417 8940968
3046 8940968 8942272
3047 8942272 8943525
3048 8943525 8946038
3049 8946038 8947250
3050 8947250 8955414
3051 8955414 8956019
3052 8956019 8957369
3053 8957369 8964799
3054 8964799 8968682
3055 8968682 8972412
3056 8972412 8975894
3057 8975894 8982918
3058 8982918 8987855
3059 8987855 8989530
3060 8989530 8991139
3061 8991139 8993191
3062 8993191 8994548
3063 8994548 8995069
3064 8995069 8996439
3065 8996439 8998751
3066 8998751 9003258
3067 9003258 9004811
3068 9004811 9016384
3069 9016384 9018452
3070 9018452 9019283
3071 9019283 9020216
3072 9020216 9021290
3073 9021290 9023129
3074 9023129 9023859
3075 9023859 9035445
3076 9035445 9037242
3077 9037242 9040221
3078 9040221 9043981
3079 9043981 9044945
3080 9044945 9047169
3081 9047169 9048412
3082 9048412 9053189
3083 9053189 9053514
3084 9053514 9060584
3085 9060584 9061641
3086 9061641 9063437
3087 9063437 9066018
3088 9066018 9067517
3089 9067517 9068777
3090 9068777 9075471
3091 9075471 9079025
3092 9079025 9080046
3093 9080046 9083595
3094 9083595 9085262
3095 9085262 9088272
3096 9088272 9089606
3097 9089606 9090129
3098 9090129 9090919
3099 9090919 9095770
3100 9095770 9097018
3101 9097018 9103479
3102 9103479 9106185
3103 9106185 9106643
3104 9106643 9110900
3105 9110900 9111435
3106 9111435 9112936
3107 9112936 9115076
3108 9115076 9117886
3109 9117886 9121076
3110 9121076 9122466
3111 9122466 9124014
3112 9124014 9125164
3113 9125164 9126629
3114 9126629 9128993
3115 9128993 9129598
3116 9129598 9131752
3117 9131752 9132768
3118 9132768 9138221
3119 9138221 9140206
3120 9140206 9141721
3121 9141721 9143591
3122 9143591 9144775
3123 9144775 9145966
3124 9145966 9152938
3125 9152938 9156708
3126 9156708 9157744
3127 9157744 9160230
3128 9160230 9162475
3129 9162475 9165711
3130 9165711 9168312
3131 9168312 9198368
3132 9198368 9199478
3133 9199478 9201238
3134 9201238 9206361
3135 9206361 9207625
3136 9207625 9209289
3137 9209289 9211034
3138 9211034 9213458
3139 9213458 9215150
3140 9215150 9216746
3141 9216746 9219399
3142 9219399 9222635
3143 9222635 9227313
3144 9227313 9229111
3145 9229111 9230080
3146 9230080 9231588
3147 9231588 9233656
3148 9233656 9235198
3149 9235198 9237012
3150 9237012 9238314
3151 9238314 9240235
3152 9240235 9241872
3153 9241872 9242746
3154 9242746 9245478
3155 9245478 9247367
3156 9247367 9253536
3157 9253536 9256279
3158 9256279 9257697
3159 9257697 9258917
3160 9258917 9261619
3161 9261619 9263090
3162 9263090 9265421
3163 9265421 9266903
3164 9266903 9268257
3165 9268257 9270463
3166 9270463 9271998
3167 9271998 9273728
3168 9273728 9278962
3169 9278962 9281564
3170 9281564 9287188
3171 9287188 9288878
3172 9288878 9290190
3173 9290190 9293175
3174 9293175 9294792
3175 9294792 9297597
3176 9297597 9298906
3177 9298906 9299782
3178 9299782 9301405
3179 9301405 9305416
3180 9305416 9308668
3181 9308668 9311669
3182 9311669 9315042
3183 9315042 9317770
3184 9317770 9319193
3185 9319193 9320579
3186 9320579 9321479
3187 9321479 9323660
3188 9323660 9325303
3189 9325303 9326409
3190 9326409 9329749
3191 9329749 9332966
3192 9332966 9336760
3193 9336760 9338530
3194 9338530 9343418
3195 9343418 9347298
3196 9347298 9349081
3197 9349081 9350882
3198 9350882 9351867
3199 9351867 9353153
3200 9353153 9354154
3201 9354154 9355332
3202 9355332 9360434
3203 9360434 9362731
3204 9362731 9364602
3205 9364602 9365747
3206 9365747 9367055
3207 9367055 9368309
3208 9368309 9372508
3209 9372508 9374030
3210 9374030 9376735
3211 9376735 9378892
3212 9378892 9380007
3213 9380007 9381857
3214 9381857 9386872
3215 9386872 9389226
3216 9389226 9396641
3217 9396641 9397949
3218 9397949 9399035
3219 9399035 9408123
3220 9408123 9419400
3221 9419400 9428662
3222 9428662 9444679
3223 9444679 9453443
3224 9453443 9461899
3225 9461899 9469290
3226 9469290 9480592
3227 9480592 9500107
3228 9500107 9513672
3229 9513672 9519165
3230 9519165 9519666
3231 9519666 9520507
3232 9520507 9523712
3233 9523712 9531063
3234 9531063 9531611
3235 9531611 9533157
3236 9533157 9536625
3237 9536625 9538737
3238 9538737 9547915
3239 9547915 9555947
3240 9555947 9564522
3241 9564522 9569222
3242 9569222 9571920
3243 9571920 9576012
3244 9576012 9581101
3245 9581101 9588262
3246 9588262 9591678
3247 9591678 9594521
3248 9594521 9595209
3249 9595209 9596270
3250 9596270 9597919
3251 9597919 9604606
3252 9604606 9605963
3253 9605963 9617423
3254 9617423 9623780
3255 9623780 9628228
3256 9628228 9654043
3257 9654043 9657802
3258 9657802 9662954
3259 9662954 9671369
3260 9671369 9681151
3261 9681151 9685793
3262 9685793 9692175
3263 9692175 9701783
3264 9701783 9714639
3265 9714639 9719340
3266 9719340 9730309
3267 9730309 9736592
3268 9736592 9741712
3269 9741712 9743478
3270 9743478 9747303
3271 9747303 9752079
3272 9752079 9755798
3273 9755798 9766525
3274 9766525 9776450
3275 9776450 9783309
3276 9783309 9789429
3277 9789429 9796027
3278 9796027 9801843
3279 9801843 9805952
3280 9805952 9809870
3281 9809870 9813384
3282 9813384 9817237
3283 9817237 9820580
3284 9820580 9832867
3285 9832867 9845721
3286 9845721 9849961
3287 9849961 9852833
3288 9852833 9858416
3289 9858416 9874345
3290 9874345 9878649
3291 9878649 9879377
3292 9879377 9880590
3293 9880590 9885011
3294 9885011 9889406
3295 9889406 9891506
3296 9891506 9904555
3297 9904555 9911273
3298 9911273 9920118
3299 9920118 9927876
3300 9927876 9938585
3301 9938585 9938810
3302 9938810 9945826
3303 9945826 9954785
3304 9954785 9957138
3305 9957138 9965313
3306 9965313 9973620
3307 9973620 9977528
3308 9977528 9983296
3309 9983296 9993575
3310 9993575 9996133
3311 9996133 10009888
3312 10009888 10014586
3313 10014586 10015126
3314 10015126 10016670
3315 10016670 10019769
3316 10019769 10020544
3317 10020544 10023787
3318 10023787 10024567
3319 10024567 10030797
3320 10030797 10037169
3321 10037169 10042919
3322 10042919 10053680
3323 10053680 10057486
3324 10057486 10059083
3325 10059083 10061245
3326 10061245 10070842
3327 10070842 10075167
3328 10075167 10081565
3329 10081565 10084626
3330 10084626 10090737
3331 10090737 10096829
3332 10096829 10098535
3333 10098535 10105020
3334 10105020 10108308
3335 10108308 10115031
3336 10115031 10124078
3337 10124078 10125516
3338 10125516 10128439
3339 10128439 10130227
3340 10130227 10133591
3341 10133591 10139621
3342 10139621 10146431
3343 10146431 10152747
3344 10152747 10159185
3345 10159185 10168898
3346 10168898 10178652
3347 10178652 10179846
3348 10179846 10180573
3349 10180573 10181733
3350 10181733 10185543
3351 10185543 10186225
3352 10186225 10191765
3353 10191765 10193170
3354 10193170 10195964
3355 10195964 10198295
3356 10198295 10203836
3357 10203836 10216067
3358 10216067 10218677
3359 10218677 10244776
3360 10244776 10248500
3361 10248500 10252549
3362 10252549 10264993
3363 10264993 10269408
3364 10269408 10273313
3365 10273313 10287978
3366 10287978 10300265
3367 10300265 10303954
3368 10303954 10305604
3369 10305604 10314720
3370 10314720 10316537
3371 10316537 10317263
3372 10317263 10320508
3373 10320508 10323378
3374 10323378 10329211
3375 10329211 10338843
3376 10338843 10342900
3377 10342900 10344048
3378 10344048 10345847
3379 10345847 10351361
3380 10351361 10355972
3381 10355972 10360529
3382 10360529 10364937
3383 10364937 10366809
3384 10366809 10371193
3385 10371193 10374882
3386 10374882 10381060
3387 10381060 10385265
3388 10385265 10386384
3389 10386384 10387132
3390 10387132 10395990
3391 10395990 10399958
3392 10399958 10406979
3393 10406979 10408505
3394 10408505 10410997
3395 10410997 10412098
3396 10412098 10413137
3397 10413137 10414167
3398 10414167 10419508
3399 10419508 10430521
3400 10430521 10431282
3401 10431282 10431962
3402 10431962 10435994
3403 10435994 10446098
3404 10446098 10447421
3405 10447421 10450545
3406 10450545 10451411
3407 10451411 10452108
3408 10452108 10452749
3409 10452749 10453751
3410 10453751 10454491
3411 10454491 10456258
3412 10456258 10468571
3413 10468571 10472912
3414 10472912 10484118
3415 10484118 10487743
3416 10487743 10491517
3417 10491517 10493959
3418 10493959 10496026
3419 10496026 10498563
3420 10498563 10502026
3421 10502026 10504515
3422 10504515 10507059
3423 10507059 10527352
3424 10527352 10535776
3425 10535776 10540173
3426 10540173 10544674
3427 10544674 10548844
3428 10548844 10550404
3429 10550404 10554916
3430 10554916 10556306
3431 10556306 10557514
3432 10557514 10559020
3433 10559020 10566474
3434 10566474 10568680
3435 10568680 10586733
3436 10586733 10595639
3437 10595639 10601342
3438 10601342 10605393
3439 10605393 10608981
3440 10608981 10611061
3441 10611061 10627461
3442 10627461 10631948
3443 10631948 10633128
3444 10633128 10635082
3445 10635082 10636462
3446 10636462 10644665
3447 10644665 10649864
3448 10649864 10656735
3449 10656735 10658691
3450 10658691 10666923
3451 10666923 10674512
3452 10674512 10683045
3453 10683045 10688050
3454 10688050 10694822
3455 10694822 10709941
3456 10709941 10717510
3457 10717510 10722619
3458 10722619 10724016
3459 10724016 10725614
3460 10725614 10727794
3461 10727794 10729168
3462 10729168 10730013
3463 10730013 10736412
3464 10736412 10738572
3465 10738572 10746897
3466 10746897 10751148
3467 10751148 10753052
3468 10753052 10758317
3469 10758317 10763814
3470 10763814 10772958
3471 10772958 10777678
3472 10777678 10787231
3473 10787231 10791031
3474 10791031 10792132
3475 10792132 10793585
3476 10793585 10794971
3477 10794971 10804078
3478 10804078 10804402
3479 10804402 10806158
3480 10806158 10806954
3481 10806954 10808437
3482 10808437 10821018
3483 10821018 10829079
3484 10829079 10833185
3485 10833185 10838213
3486 10838213 10842704
3487 10842704 10851672
3488 10851672 10853917
3489 10853917 10859309
3490 10859309 10862262
3491 10862262 10865400
3492 10865400 10867109
3493 10867109 10875228
3494 10875228 10878945
3495 10878945 10893144
3496 10893144 10896454
3497 10896454 10900358
3498 10900358 10904698
3499 10904698 10916318
3500 10916318 10917275
3501 10917275 10925306
3502 10925306 10931599
3503 10931599 10932408
3504 10932408 10938117
3505 10938117 10953844
3506 10953844 10954787
3507 10954787 10960879
3508 10960879 10961583
3509 10961583 10966871
3510 10966871 10974960
3511 10974960 10976428
3512 10976428 10980818
3513 10980818 10981546
3514 10981546 10990486
3515 10990486 10991873
3516 10991873 10994583
3517 10994583 10995325
3518 10995325 11001292
3519 11001292 11004635
3520 11004635 11013595
3521 11013595 11017627
3522 11017627 11019685
3523 11019685 11023124
3524 11023124 11030729
3525 11030729 11033378
3526 11033378 11036124
3527 11036124 11045801
3528 11045801 11065155
3529 11065155 11068280
3530 11068280 11071042
3531 11071042 11076427
3532 11076427 11078697
3533 11078697 11082973
3534 11082973 11089578
3535 11089578 11090557
3536 11090557 11095455
3537 11095455 11103752
3538 11103752 11109116
3539 11109116 11115811
3540 11115811 11116750
3541 11116750 11120554
3542 11120554 11123522
3543 11123522 11127125
3544 11127125 11129684
3545 11129684 11133403
3546 11133403 11138108
3547 11138108 11147757
3548 11147757 11157413
3549 11157413 11168961
3550 11168961 11171133
3551 11171133 11175948
3552 11175948 11178985
3553 11178985 11180652
3554 11180652 11186457
3555 11186457 11188507
3556 11188507 11190449
3557 11190449 11198860
3558 11198860 11207674
3559 11207674 11210451
3560 11210451 11214963
3561 11214963 11218130
3562 11218130 11220093
3563 11220093 11230761
3564 11230761 11237062
3565 11237062 11241964
3566 11241964 11247289
3567 11247289 11248628
3568 11248628 11250503
3569 11250503 11254127
3570 11254127 11254342
3571 11254342 11258065
3572 11258065 11260617
3573 11260617 11268324
3574 11268324 11275348
3575 11275348 11281855
3576 11281855 11290676
3577 11290676 11293848
3578 11293848 11296680
3579 11296680 11298545
3580 11298545 11305627
3581 11305627 11309060
3582 11309060 11311732
3583 11311732 11312916
3584 11312916 11324574
3585 11324574 11335436
3586 11335436 11345359
3587 11345359 11352317
3588 11352317 11361275
3589 11361275 11363589
3590 11363589 11364130
3591 11364130 11366926
3592 11366926 11367570
3593 11367570 11373964
3594 11373964 11378285
3595 11378285 11380628
3596 11380628 11389842
3597 11389842 11396384
3598 11396384 11397967
3599 11397967 11405402
3600 11405402 11408156
3601 11408156 11415861
3602 11415861 11420357
3603 11420357 11423318
3604 11423318 11429649
3605 11429649 11438924
3606 11438924 11441919
3607 11441919 11446326
3608 11446326 11450245
3609 11450245 11451982
3610 11451982 11458521
3611 11458521 11464017
3612 11464017 11469272
3613 11469272 11477323
3614 11477323 11479182
3615 11479182 11482023
3616 11482023 11490538
3617 11490538 11494772
3618 11494772 11498007
3619 11498007 11510874
3620 11510874 11515458
3621 11515458 11517839
3622 11517839 11520276
3623 11520276 11520945
3624 11520945 11522331
3625 11522331 11532423
3626 11532423 11554194
3627 11554194 11555075
3628 11555075 11558598
3629 11558598 11562442
3630 11562442 11563874
3631 11563874 11564951
3632 11564951 11570720
3633 11570720 11571942
3634 11571942 11572862
3635 11572862 11583692
3636 11583692 11585057
3637 11585057 11602792
3638 11602792 11612275
3639 11612275 11615128
3640 11615128 11619108
3641 11619108 11620473
3642 11620473 11625081
3643 11625081 11631046
3644 11631046 11632115
3645 11632115 11633002
3646 11633002 11635313
3647 11635313 11643488
3648 11643488 11646752
3649 11646752 11648603
3650 11648603 11649142
3651 11649142 11650699
3652 11650699 11652984
3653 11652984 11656801
3654 11656801 11662744
3655 11662744 11664083
3656 11664083 11667260
3657 11667260 11668509
3658 11668509 11669832
3659 11669832 11670945
3660 11670945 11676490
3661 11676490 11677429
3662 11677429 11681802
3663 11681802 11682154
3664 11682154 11691038
3665 11691038 11694637
3666 11694637 11696252
3667 11696252 11697599
3668 11697599 11704003
3669 11704003 11708084
3670 11708084 11709343
3671 11709343 11712295
3672 11712295 11714960
3673 11714960 11716748
3674 11716748 11720867
3675 11720867 11733692
3676 11733692 11735175
3677 11735175 11739213
3678 11739213 11742801
3679 11742801 11744174
3680 11744174 11745270
3681 11745270 11749237
3682 11749237 11756118
3683 11756118 11769065
3684 11769065 11770657
3685 11770657 11772183
3686 11772183 11773644
3687 11773644 11776083
3688 11776083 11778249
3689 11778249 11780004
3690 11780004 11781776
3691 11781776 11782939
3692 11782939 11784583
3693 11784583 11785396
3694 11785396 11792425
3695 11792425 11800561
3696 11800561 11802046
3697 11802046 11803137
3698 11803137 11807812
3699 11807812 11810242
3700 11810242 11811415
3701 11811415 11817857
3702 11817857 11819635
3703 11819635 11827194
3704 11827194 11829367
3705 11829367 11835763
3706 11835763 11839762
3707 11839762 11841161
3708 11841161 11849500
3709 11849500 11856400
3710 11856400 11865935
3711 11865935 11869583
3712 11869583 11871814
3713 11871814 11875211
3714 11875211 11879945
3715 11879945 11881632
3716 11881632 11886779
3717 11886779 11894619
3718 11894619 11899953
3719 11899953 11910976
3720 11910976 11912824
3721 11912824 11920107
3722 11920107 11923811
3723 11923811 11931753
3724 11931753 11932247
3725 11932247 11937476
3726 11937476 11939986
3727 11939986 11943083
3728 11943083 11946978
3729 11946978 11947743
3730 11947743 11948630
3731 11948630 11954318
3732 11954318 11955818
3733 11955818 11957972
3734 11957972 11960606
3735 11960606 11964288
3736 11964288 11967574
3737 11967574 11969676
3738 11969676 11974518
3739 11974518 11984676
3740 11984676 11985279
3741 11985279 11988459
3742 11988459 11991928
3743 11991928 11997258
3744 11997258 12001037
3745 12001037 12007301
3746 12007301 12017173
3747 12017173 12019264
3748 12019264 12020911
3749 12020911 12024050
3750 12024050 12029646
3751 12029646 12033330
3752 12033330 12035328
3753 12035328 12039738
3754 12039738 12041118
3755 12041118 12050587
3756 12050587 12055179
3757 12055179 12057776
3758 12057776 12061367
3759 12061367 12063186
3760 12063186 12064685
3761 12064685 12066206
3762 12066206 12070938
3763 12070938 12073845
3764 12073845 12082420
3765 12082420 12090211
3766 12090211 12095533
3767 12095533 12098590
3768 12098590 12105730
3769 12105730 12106940
3770 12106940 12109757
3771 12109757 12112361
3772 12112361 12114325
3773 12114325 12116658
3774 12116658 12117198
3775 12117198 12123095
3776 12123095 12123628
3777 12123628 12125717
3778 12125717 12132358
3779 12132358 12138254
3780 12138254 12140788
3781 12140788 12143876
3782 12143876 12152831
3783 12152831 12156461
3784 12156461 12160368
3785 12160368 12163422
3786 12163422 12172392
3787 12172392 12176446
3788 12176446 12179853
3789 12179853 12183505
3790 12183505 12184986
3791 12184986 12189482
3792 12189482 12190518
3793 12190518 12192308
3794 12192308 12197918
3795 12197918 12200027
3796 12200027 12201837
3797 12201837 12217705
3798 12217705 12223652
3799 12223652 12225920
3800 12225920 12228552
3801 12228552 12233969
3802 12233969 12237905
3803 12237905 12251690
3804 12251690 12255530
3805 12255530 12257393
3806 12257393 12261046
3807 12261046 12267654
3808 12267654 12270629
3809 12270629 12271208
3810 12271208 12275912
3811 12275912 12280482
3812 12280482 12283206
3813 12283206 12287963
3814 12287963 12290135
3815 12290135 12290889
3816 12290889 12295226
3817 12295226 12300707
3818 12300707 12303744
3819 12303744 12306513
3820 12306513 12310275
3821 12310275 12312419
3822 12312419 12316447
3823 12316447 12329606
3824 12329606 12332141
3825 12332141 12334080
3826 12334080 12337723
3827 12337723 12341609
3828 12341609 12345505
3829 12345505 12347422
3830 12347422 12352881
3831 12352881 12359778
3832 12359778 12362307
3833 12362307 12366910
3834 12366910 12373907
3835 12373907 12375431
3836 12375431 12377936
3837 12377936 12380630
3838 12380630 12381465
3839 12381465 12386847
3840 12386847 12387137
3841 12387137 12387996
3842 12387996 12391594
3843 12391594 12397541
3844 12397541 12398800
3845 12398800 12400206
3846 12400206 12403914
3847 12403914 12408518
3848 12408518 12410926
3849 12410926 12413150
3850 12413150 12416948
3851 12416948 12421030
3852 12421030 12421980
3853 12421980 12424939
3854 12424939 12426100
3855 12426100 12427905
3856 12427905 12429929
3857 12429929 12433077
3858 12433077 12440242
3859 12440242 12448876
3860 12448876 12452864
3861 12452864 12456883
3862 12456883 12461532
3863 12461532 12465457
3864 12465457 12470109
3865 12470109 12471288
3866 12471288 12475526
3867 12475526 12478256
3868 12478256 12479994
3869 12479994 12481094
3870 12481094 12485156
3871 12485156 12489054
3872 12489054 12491966
3873 12491966 12493278
3874 12493278 12496466
3875 12496466 12504179
3876 12504179 12523275
3877 12523275 12525494
3878 12525494 12529301
3879 12529301 12530970
3880 12530970 12535245
3881 12535245 12540388
3882 12540388 12549264
3883 12549264 12552430
3884 12552430 12565829
3885 12565829 12569596
3886 12569596 12569803
3887 12569803 12576200
3888 12576200 12584933
3889 12584933 12590723
3890 12590723 12592912
3891 12592912 12597909
3892 12597909 12599145
3893 12599145 12603031
3894 12603031 12609418
3895 12609418 12611105
3896 12611105 12614567
3897 12614567 12617395
3898 12617395 12623710
3899 12623710 12629128
3900 12629128 12630957
3901 12630957 12637734
3902 12637734 12641430
3903 12641430 12651887
3904 12651887 12658890
3905 12658890 12663475
3906 12663475 12667022
3907 12667022 12673497
3908 12673497 12683158
3909 12683158 12684773
3910 12684773 12687573
3911 12687573 12689996
3912 12689996 12694578
3913 12694578 12703314
3914 12703314 12704922
3915 12704922 12709760
3916 12709760 12719432
3917 12719432 12721471
3918 12721471 12723344
3919 12723344 12726009
3920 12726009 12729216
3921 12729216 12738774
3922 12738774 12742256
3923 12742256 12750654
3924 12750654 12752811
3925 12752811 12754557
3926 12754557 12755642
3927 12755642 12757140
3928 12757140 12758215
3929 12758215 12759603
3930 12759603 12764983
3931 12764983 12769995
3932 12769995 12772166
3933 12772166 12773924
3934 12773924 12777960
3935 12777960 12780299
3936 12780299 12782575
3937 12782575 12790265
3938 12790265 12791600
3939 12791600 12793094
3940 12793094 12797393
3941 12797393 12798676
3942 12798676 12799927
3943 12799927 12801355
3944 12801355 12803060
3945 12803060 12808263
3946 12808263 12810805
3947 12810805 12812197
3948 12812197 12815398
3949 12815398 12826348
3950 12826348 12830196
3951 12830196 12839791
3952 12839791 12843595
3953 12843595 12845180
3954 12845180 12847312
3955 12847312 12854363
3956 12854363 12856246
3957 12856246 12863627
3958 12863627 12867032
3959 12867032 12868970
3960 12868970 12881876
3961 12881876 12887146
3962 12887146 12891841
3963 12891841 12893235
3964 12893235 12895727
3965 12895727 12898066
3966 12898066 12900237
3967 12900237 12903861
3968 12903861 12905259
3969 12905259 12916322
3970 12916322 12917509
3971 12917509 12918198
3972 12918198 12922975
3973 12922975 12925033
3974 12925033 12926345
3975 12926345 12927264
3976 12927264 12934694
3977 12934694 12937827
3978 12937827 12939739
3979 12939739 12942634
3980 12942634 12943622
3981 12943622 12944960
3982 12944960 12946333
3983 12946333 12946878
3984 12946878 12950867
3985 12950867 12955505
3986 12955505 12960480
3987 12960480 12963742
3988 12963742 12965970
3989 12965970 12966847
3990 12966847 12967650
3991 12967650 12968912
3992 12968912 12974614
3993 12974614 12976222
3994 12976222 12977007
3995 12977007 12978709
3996 12978709 12991705
3997 12991705 12992276
3998 12992276 12994135
3999 12994135 12996624
4000 12996624 12998964
4001 12998964 13001669
4002 13001669 13003336
4003 13003336 13003975
4004 13003975 13006153
4005 13006153 13008367
4006 13008367 13010585
4007 13010585 13012926
4008 13012926 13015079
4009 13015079 13015578
4010 13015578 13018024
4011 13018024 13019275
4012 13019275 13022394
4013 13022394 13023971
4014 13023971 13024695
4015 13024695 13025757
4016 13025757 13028585
4017 13028585 13031302
4018 13031302 13032563
4019 13032563 13033680
4020 13033680 13034552
4021 13034552 13035544
4022 13035544 13036551
4023 13036551 13038922
4024 13038922 13040677
4025 13040677 13041841
4026 13041841 13042755
4027 13042755 13043900
4028 13043900 13045269
4029 13045269 13046279
4030 13046279 13048240
4031 13048240 13050877
4032 13050877 13052164
4033 13052164 13054918
4034 13054918 13057748
4035 13057748 13060759
4036 13060759 13061833
4037 13061833 13065472
4038 13065472 13068029
4039 13068029 13072337
4040 13072337 13075681
4041 13075681 13081576
4042 13081576 13084889
4043 13084889 13085823
4044 13085823 13088164
4045 13088164 13092805
4046 13092805 13095131
4047 13095131 13095939
4048 13095939 13101758
4049 13101758 13103006
4050 13103006 13109035
4051 13109035 13109923
4052 13109923 13111555
4053 13111555 13112442
4054 13112442 13115730
4055 13115730 13122161
4056 13122161 13123001
4057 13123001 13126435
4058 13126435 13130486
4059 13130486 13131747
4060 13131747 13132842
4061 13132842 13134658
4062 13134658 13136207
4063 13136207 13138718
4064 13138718 13141228
4065 13141228 13142990
4066 13142990 13144383
4067 13144383 13147307
4068 13147307 13149758
4069 13149758 13151340
4070 13151340 13153215
4071 13153215 13154310
4072 13154310 13155275
4073 13155275 13158653
4074 13158653 13160625
4075 13160625 13162568
4076 13162568 13164806
4077 13164806 13166774
4078 13166774 13169912
4079 13169912 13171720
4080 13171720 13174931
4081 13174931 13178746
4082 13178746 13179277
4083 13179277 13180396
4084 13180396 13181220
4085 13181220 13183802
4086 13183802 13184873
4087 13184873 13187167
4088 13187167 13189043
4089 13189043 13190481
4090 13190481 13191219
4091 13191219 13192910
4092 13192910 13195462
4093 13195462 13197042
4094 13197042 13199342
4095 13199342 13201745
4096 13201745 13204008
4097 13204008 13205089
4098 13205089 13207623
4099 13207623 13209063
4100 13209063 13213263
4101 13213263 13215386
4102 13215386 13217190
4103 13217190 13219453
4104 13219453 13223680
4105 13223680 13224231
4106 13224231 13225075
4107 13225075 13227653
4108 13227653 13231906
4109 13231906 13235478
4110 13235478 13236396
4111 13236396 13240490
4112 13240490 13244018
4113 13244018 13245253
4114 13245253 13247662
4115 13247662 13250330
4116 13250330 13256013
4117 13256013 13258580
4118 13258580 13267177
4119 13267177 13274597
4120 13274597 13277031
4121 13277031 13278509
4122 13278509 13280167
4123 13280167 13282858
4124 13282858 13285457
4125 13285457 13287727
4126 13287727 13290808
4127 13290808 13292895
4128 13292895 13295900
4129 13295900 13302873
4130 13302873 13309252
4131 13309252 13316163
4132 13316163 13322953
4133 13322953 13326915
4134 13326915 13335058
4135 13335058 13342862
4136 13342862 13345996
4137 13345996 13347813
4138 13347813 13350814
4139 13350814 13352447
4140 13352447 13355490
4141 13355490 13358944
4142 13358944 13360822
4143 13360822 13362367
4144 13362367 13367156
4145 13367156 13368918
4146 13368918 13370454
4147 13370454 13372936
4148 13372936 13376569
4149 13376569 13378650
4150 13378650 13380126
4151 13380126 13382955
4152 13382955 13390790
4153 13390790 13394140
4154 13394140 13397783
4155 13397783 13406675
4156 13406675 13410426
4157 13410426 13413268
4158 13413268 13415487
4159 13415487 13419072
4160 13419072 13422584
4161 13422584 13424672
4162 13424672 13426289
4163 13426289 13428100
4164 13428100 13434477
4165 13434477 13437693
4166 13437693 13439945
4167 13439945 13441822
4168 13441822 13445261
4169 13445261 13450782
4170 13450782 13452804
4171 13452804 13456971
4172 13456971 13459702
4173 13459702 13463476
4174 13463476 13465239
4175 13465239 13466793
4176 13466793 13468356
4177 13468356 13469991
4178 13469991 13473656
4179 13473656 13476406
4180 13476406 13480383
4181 13480383 13482779
4182 13482779 13485189
4183 13485189 13487793
4184 13487793 13490180
4185 13490180 13492729
4186 13492729 13515997
4187 13515997 13519226
4188 13519226 13522857
4189 13522857 13529190
4190 13529190 13532292
4191 13532292 13535602
4192 13535602 13539025
4193 13539025 13544275
4194 13544275 13545900
4195 13545900 13548502
4196 13548502 13551934
4197 13551934 13554397
4198 13554397 13555488
4199 13555488 13557862
4200 13557862 13562956
4201 13562956 13567194
4202 13567194 13570223
4203 13570223 13574011
4204 13574011 13576661
4205 13576661 13582092
4206 13582092 13584630
4207 13584630 13588430
4208 13588430 13589540
4209 13589540 13594865
4210 13594865 13596318
4211 13596318 13597543
4212 13597543 13599598
4213 13599598 13607052
4214 13607052 13610392
4215 13610392 13612940
4216 13612940 13614954
4217 13614954 13618088
4218 13618088 13624425
4219 13624425 13625426
4220 13625426 13632084
4221 13632084 13633039
4222 13633039 13634204
4223 13634204 13635010
4224 13635010 13641340
4225 13641340 13644202
4226 13644202 13649298
4227 13649298 13658385
4228 13658385 13665757
4229 13665757 13667606
4230 13667606 13673114
4231 13673114 13676732
4232 13676732 13678259
4233 13678259 13678918
4234 13678918 13682220
4235 13682220 13691408
4236 13691408 13694305
4237 13694305 13696540
4238 13696540 13702272
4239 13702272 13703590
4240 13703590 13708020
4241 13708020 13708730
4242 13708730 13711301
4243 13711301 13712857
4244 13712857 13714010
4245 13714010 13716545
4246 13716545 13720924
4247 13720924 13723868
4248 13723868 13729317
4249 13729317 13735200
4250 13735200 13739682
4251 13739682 13742461
4252 13742461 13744546
4253 13744546 13745633
4254 13745633 13746458
4255 13746458 13749114
4256 13749114 13754914
4257 13754914 13755879
4258 13755879 13757704
4259 13757704 13759456
4260 13759456 13766946
4261 13766946 13768170
4262 13768170 13770414
4263 13770414 13772863
4264 13772863 13774274
4265 13774274 13774874
4266 13774874 13779895
4267 13779895 13786034
4268 13786034 13797675
4269 13797675 13798910
4270 13798910 13801270
4271 13801270 13802317
4272 13802317 13803599
4273 13803599 13805799
4274 13805799 13808637
4275 13808637 13813841
4276 13813841 13816299
4277 13816299 13819339
4278 13819339 13839436
4279 13839436 13842302
4280 13842302 13843932
4281 13843932 13846196
4282 13846196 13847977
4283 13847977 13849455
4284 13849455 13856823
4285 13856823 13861443
4286 13861443 13874051
4287 13874051 13876481
4288 13876481 13878321
4289 13878321 13879784
4290 13879784 13882910
4291 13882910 13884306
4292 13884306 13888204
4293 13888204 13889325
4294 13889325 13890473
4295 13890473 13891827
4296 13891827 13894230
4297 13894230 13896207
4298 13896207 13898585
4299 13898585 13902068
4300 13902068 13902285
4301 13902285 13903273
4302 13903273 13910610
4303 13910610 13915837
4304 13915837 13922424
4305 13922424 13926875
4306 13926875 13930591
4307 13930591 13933358
4308 13933358 13964298
4309 13964298 13968277
4310 13968277 13973581
4311 13973581 13976443
4312 13976443 13978425
4313 13978425 13983185
4314 13983185 13984428
4315 13984428 13987007
